9.368237462597454462e-11
1.398292396488852019e-12
1.773434377363711143e-10
4.427348437776151391e-10
2.573390303796451750e-10
2.883678141884812193e-10
8.634487771596995342e-11
1.130369446729932658e-10
5.783154422462611213e-11
4.577317699293060362e-11
5.345620668127635303e-11
4.617404511352188869e-11
3.176426176763574431e-11
2.301857949440442281e-11
2.566753393664442912e-11
2.203386142146073568e-11
1.593507110733987418e-11
1.951702020141683406e-11
1.304786209691865498e-11
1.471257300321880765e-11
1.110734652907753668e-11
8.927666868369694903e-12
7.375306688793432708e-12
8.579852221102992707e-12
8.735052782938159928e-12
8.193071022914909645e-12
8.242093824041916297e-12
7.132260508507382186e-12
9.062907836384536610e-12
7.658069582743042692e-12
6.207926953871921820e-12
5.790959814116987532e-12
8.055580894384271636e-12
5.268343254417132358e-12
5.903413669656354967e-12
4.443655570540994798e-12
5.200973993083209915e-12
6.428217673770518116e-12
5.268278624015902921e-12
4.944084709946886811e-12
7.190586159445071107e-12
4.211670640073752615e-12
4.594526531715535501e-12
4.444872120592723774e-12
3.801931140084969694e-12
3.139777498722625074e-12
3.481805741804800224e-12
4.686583381119474839e-12
2.729721299042078148e-12
4.113203118832175492e-12
4.008582013172952849e-12
2.810241015245694098e-12
3.389658152025186597e-12
2.449809476336848006e-12
2.485219315433009780e-12
2.898495907523850144e-12
3.509422169940036277e-12
3.175205711419369013e-12
3.153199025007283649e-12
2.318449883708291331e-12
2.886450180649098913e-12
2.566643255365996076e-12
3.145390676336450609e-12
2.693348832824093162e-12
2.542312529063156549e-12
2.240353803082077803e-12
2.158828619277460332e-12
2.404448848317717048e-12
2.399160472085793749e-12
2.699093786561213142e-12
2.317258557464039351e-12
2.123078396487324782e-12
2.003638320740795706e-12
2.952884056694042866e-12
2.511108797337186362e-12
1.941625343414062905e-12
1.889727265263354660e-12
2.220674378911673876e-12
1.968394711420488255e-12
1.537956505090576968e-12
2.062887223815195363e-12
2.086868109682833358e-12
2.403020256712978340e-12
1.741779117744809930e-12
1.666484817438570912e-12
1.892151224277594727e-12
1.970307651346386867e-12
2.008367099108797098e-12
1.526213497644500432e-12
1.874137043905562501e-12
1.826777430007270130e-12
1.939534975285007706e-12
1.860210676026465500e-12
1.832719632375814906e-12
1.592054901019870547e-12
1.468204184865401616e-12
1.624305727268841641e-12
1.782634976634603294e-12
1.316682256456960034e-12
1.757720350453109089e-12
1.741993852467505145e-12
1.656288515091322754e-12
1.759289141844749179e-12
1.575092867786301413e-12
1.791450721536400925e-12
1.286879836713467734e-12
1.643793139206722606e-12
1.520736421203806643e-12
1.821790902287296737e-12
1.519802995460010889e-12
1.675703286524535043e-12
1.436094338737438844e-12
1.423259518271622086e-12
1.264628899894479144e-12
1.167953387232606620e-12
1.566072661394131346e-12
1.594910619446294498e-12
1.892182616482356061e-12
1.479805471334738821e-12
1.462412014786268826e-12
1.290645354419747485e-12
1.771473240557954019e-12
1.384664427611887618e-12
1.495840335091415663e-12
1.219400406018815203e-12
1.339785702306467355e-12
1.390701492822464542e-12
1.463467790036271425e-12
1.326252717143889984e-12
1.237877718622727547e-12
1.363322473557901586e-12
1.184734217286416142e-12
1.247463462368794935e-12
1.354883363942421740e-12
1.232759816460767947e-12
1.308372482310979927e-12
1.463617411280157294e-12
1.295670119567117867e-12
1.256177061975014280e-12
1.268218613310857557e-12
1.288865060895171179e-12
1.253250599191425983e-12
1.291124511871522908e-12
1.351744423696049510e-12
1.136359375352055480e-12
1.404013626169387478e-12
1.160854277086045391e-12
1.154421621213178436e-12
1.084569725718136291e-12
1.148381998227905835e-12
1.273863772499707400e-12
1.125500303680351286e-12
1.179012684724512966e-12
1.320293946603330519e-12
1.004394946324646257e-12
1.131010270748836712e-12
1.121760359451449143e-12
1.129172478356527208e-12
1.242139010224445352e-12
1.134395792934881854e-12
1.178910641809413725e-12
1.110355256646567889e-12
9.962878334234941521e-13
1.095060543353369210e-12
1.193386092412955228e-12
1.037625319634288403e-12
1.074562030488367977e-12
1.037186609967764279e-12
1.131184918545570717e-12
1.000892331826767759e-12
1.007213248825107034e-12
1.008385230238494609e-12
1.181234531312810389e-12
1.090886361587215009e-12
9.995755829675403167e-13
1.021423512730107381e-12
1.039830433066449921e-12
9.291140575844305290e-13
1.007824553824201619e-12
1.151446801913875285e-12
9.527027938914591604e-13
8.120091966660647303e-13
8.711227447522425007e-13
9.348193319976707709e-13
8.803776894369384299e-13
1.052324503018472605e-12
9.907126283348854975e-13
8.627410360088978033e-13
9.718588548705852569e-13
1.005478549090133077e-12
9.084138858603583752e-13
9.375209549351115722e-13
9.728893830935720792e-13
8.877356847556338884e-13
9.031652622926567279e-13
7.659555945653962985e-13
8.438210585640059941e-13
8.467569629297538337e-13
8.822563754297173460e-13
8.203765697597269362e-13
8.844980721602541381e-13
8.124942524804355988e-13
8.413239568359274652e-13
9.185272521162694539e-13
8.240200252279282153e-13
8.339252314752285334e-13
7.760625976538296356e-13
7.166738856977999679e-13
7.625808818483850722e-13
7.186496047993689040e-13
7.869273562278722611e-13
7.205503328585814268e-13
8.170397501417025187e-13
7.524745006581255711e-13
7.071103985649534477e-13
8.226149761409149211e-13
7.449987174841718535e-13
6.886768443496055206e-13
7.345092473880251878e-13
6.857138268280979315e-13
7.611448368638185328e-13
7.487914875747158901e-13
7.638225954952574425e-13
6.917392413726424355e-13
6.407864657933681287e-13
6.597259704782485399e-13
6.889513315316389121e-13
7.379739627194214716e-13
6.488419612660590888e-13
6.069992408949024144e-13
6.145996079536872221e-13
6.625912113297086661e-13
6.256528701934195715e-13
6.704077965731099830e-13
5.711385638561932155e-13
6.353812350923666009e-13
6.984612163184648567e-13
5.959607877590257395e-13
6.052180953938817497e-13
6.193845512554905670e-13
6.267513818392758346e-13
5.794952005205785863e-13
5.609142604544461779e-13
5.634079448018946908e-13
5.457275542886295000e-13
6.384912222106399812e-13
5.476954824320179676e-13
5.667560233765729547e-13
5.592415025465512520e-13
4.629777183490739865e-13
5.290546063223405249e-13
5.180711867735768035e-13
5.801235912508983564e-13
4.960245106463383513e-13
4.865345671282588522e-13
4.869220945015331747e-13
5.031009682146511721e-13
4.565569231237943947e-13
4.996765862102487166e-13
4.290090968703524509e-13
5.088410606427465654e-13
4.532329792984599861e-13
5.083089725989175278e-13
5.225452680491603461e-13
4.387918880681381494e-13
3.876564499357210957e-13
4.702065570896696100e-13
4.507622469001810200e-13
4.254664891066801955e-13
4.039197719433604687e-13
3.593949300218000309e-13
4.377183721838946520e-13
4.562734973880384112e-13
3.959320641941328296e-13
4.369342342580096386e-13
3.573897928852006298e-13
3.371294166070555554e-13
4.220759785240102439e-13
3.797648139629680606e-13
3.952669048429639830e-13
3.480652578158250692e-13
3.548251587106706678e-13
3.663185877763411211e-13
3.731612721556214514e-13
3.324602669634987245e-13
3.169006792560359295e-13
3.428889942331899421e-13
3.260591357618549138e-13
3.085777120348804169e-13
3.411137201411790250e-13
3.349513084161619608e-13
2.660796955804340583e-13
2.939799716265901590e-13
3.065872089407881011e-13
2.908252859525261606e-13
2.982064127410133367e-13
2.971126047860228174e-13
2.969714190114686482e-13
2.653064869507738830e-13
2.751727039616856904e-13
3.120285911540295389e-13
2.592459993331483303e-13
2.799544219568710004e-13
2.445060282334275198e-13
2.608340518433791902e-13
2.526302958036727429e-13
2.444388018908380768e-13
2.184352123467503666e-13
2.586796112095747102e-13
2.492614871853876202e-13
2.468626982913797999e-13
2.385558716258346962e-13
2.194862056771113765e-13
2.112222340205724795e-13
1.943258051079749213e-13
2.396012264439820022e-13
2.237828832614492026e-13
1.961979499157685275e-13
1.942168400656531625e-13
2.085547432087107755e-13
2.008889534250423661e-13
1.857750578232869134e-13
2.076443125784376411e-13
1.890682302505692333e-13
2.013275460187471080e-13
1.880937193284042109e-13
2.020303768897305235e-13
1.765235552435709766e-13
1.745525464381586478e-13
1.702984583997172129e-13
1.739928556394379482e-13
1.774385189186086837e-13
1.695293017676190181e-13
1.531924606729566526e-13
1.549587706316113514e-13
1.477593405843073905e-13
1.592664244541890512e-13
1.447323218755829823e-13
1.595715368552824096e-13
1.481609306577991944e-13
1.546418656879639007e-13
1.375573580278440940e-13
1.423835110731265733e-13
1.275935756178073442e-13
1.396682119551983990e-13
1.296198516295386085e-13
1.273491820087441038e-13
1.285292357596253175e-13
1.256116946387788103e-13
1.228526178116171353e-13
1.242859014596023219e-13
1.275673917374860190e-13
1.145230615548117803e-13
1.239219543461477528e-13
1.212837404000077596e-13
1.129377634313471881e-13
1.119389303042182167e-13
1.238614463574909050e-13
1.064007216032163208e-13
1.046446521497082979e-13
1.014297409576261715e-13
1.111701621049435834e-13
1.046823323055374896e-13
1.028537951862218658e-13
1.057497600761137395e-13
9.406260226277674036e-14
9.094960904147761943e-14
9.686249351591109654e-14
8.965365196045403731e-14
9.343443926465766028e-14
8.772621932656969789e-14
9.171956425227149717e-14
9.301570954927561923e-14
9.251342368029202107e-14
8.742521910561154514e-14
9.086607091632677570e-14
8.321784497356335338e-14
8.467427389276917247e-14
8.897978094388966001e-14
9.053855003821688477e-14
7.972139183932873810e-14
7.862324456476285812e-14
7.587187154889682075e-14
7.569623805308848739e-14
7.859118098579755478e-14
7.145589430389297493e-14
7.304971719034039409e-14
8.126162811561479421e-14
6.942653581228781439e-14
6.967695323483568632e-14
7.349599338976455927e-14
6.870952758801245836e-14
7.242299131730932170e-14
6.735873812216396183e-14
7.342564548789714522e-14
7.217929920157021323e-14
6.716426817847203265e-14
6.823598027786221776e-14
6.713766618100487518e-14
6.468626577159163911e-14
6.817306425801407923e-14
6.803818208228813083e-14
6.553987914406067461e-14
6.264369728000238746e-14
6.559110475841583905e-14
6.315565089035200677e-14
6.524596023745237808e-14
6.587409869270398159e-14
6.243860579732264582e-14
5.970659220404555025e-14
6.198882705079689869e-14
6.306178824751281292e-14
5.932935412601420692e-14
6.455369287061527310e-14
6.419297926667181853e-14
6.507611982217098948e-14
6.218282275954018527e-14
5.691854108835869713e-14
5.875267943178558440e-14
6.339363211535805630e-14
5.980282767157777106e-14
5.805111878676106169e-14
5.739307529778434276e-14
6.075135127027983536e-14
5.957937659491895522e-14
5.717114055204197814e-14
5.727438976553475879e-14
6.131156700778694836e-14
5.934583660868893623e-14
6.449432503876428000e-14
5.883677242313281487e-14
5.715298006064240854e-14
6.193991587024360346e-14
5.448975777648844500e-14
6.069036976632113710e-14
6.082784408850071585e-14
5.336177825832096106e-14
6.018089220949929814e-14
5.789129081438758704e-14
5.324205955630833024e-14
5.785081642140325322e-14
5.732348715325626070e-14
6.485819801932884368e-14
6.031026990074964757e-14
5.862866933482901194e-14
5.679887437306064218e-14
5.264935725837514904e-14
5.369723170451143000e-14
5.713119627770007072e-14
5.645934786579867104e-14
6.016992797288140861e-14
5.481269410762735696e-14
6.171106053401140787e-14
6.062451408598241143e-14
5.841103143030359095e-14
6.116969735165310424e-14
6.209200745802753716e-14
5.739009316407192123e-14
5.745956517865823740e-14
6.190204796015615395e-14
5.611434023591961516e-14
6.406710642109674278e-14
5.974491771506239747e-14
6.111104702991862767e-14
6.368938570641684516e-14
6.534255561763729819e-14
6.209337053550421796e-14
6.157793754907074250e-14
6.288311802556022898e-14
5.804571235057852520e-14
5.759694545355600953e-14
6.301386577672796520e-14
5.986106702791583146e-14
6.253535881911988720e-14
5.624813928784830208e-14
6.150297037718174857e-14
6.354190606359194309e-14
5.825163930521922620e-14
5.477983003063762852e-14
6.334777340392729636e-14
6.456008430060319981e-14
6.378364329224291399e-14
6.199580459329163306e-14
6.551557153699698349e-14
5.922437021720505748e-14
5.437441663192422221e-14
6.105208492666468757e-14
5.871644809025089736e-14
6.278937569106272215e-14
5.610154436520785941e-14
6.673966551020379755e-14
5.903780676993986568e-14
6.357432314580038875e-14
6.318083923127395741e-14
6.500451206407610040e-14
5.571233494414913316e-14
5.576727237118790683e-14
5.599336818049938610e-14
5.972300328510539316e-14
6.264080358164241700e-14
6.306215701493064544e-14
6.391221132039807993e-14
5.633239561027198115e-14
5.899189285634181816e-14
6.496608436886870676e-14
6.070382422253359919e-14
6.187732892015471002e-14
6.123988759517086578e-14
6.156487447231001788e-14
5.821740446768029347e-14
6.333380717291238697e-14
6.004848406288940692e-14
6.518600512624961883e-14
6.113548612509954130e-14
5.652829967686516458e-14
5.366088206273487742e-14
5.568462585086351962e-14
6.150779519293022913e-14
6.070500254003110763e-14
5.913387600539476641e-14
5.726039909877187088e-14
5.682941014721033204e-14
6.283543037561579455e-14
6.080902631399266037e-14
5.385551402180189736e-14
5.688450276629528356e-14
5.690566367112309846e-14
5.725108998246916461e-14
5.624998965017163762e-14
6.169129973202212627e-14
5.089001081303948209e-14
5.947704095914770721e-14
5.574107137280574367e-14
5.493693412215955438e-14
5.581941678751365709e-14
5.606803669837000948e-14
5.365824550282645608e-14
5.118180222291297611e-14
5.444858498926844356e-14
5.426450806784217970e-14
5.446738127347652277e-14
5.041616300288424373e-14
4.935263680483420687e-14
5.098672094714412567e-14
5.604108699856251893e-14
5.177123366564292899e-14
5.251830764667473046e-14
5.285012600642838285e-14
5.427996259595047139e-14
5.118776748253751188e-14
4.719115115720897842e-14
5.229140915300630867e-14
5.244147818370797822e-14
4.989727283367567000e-14
5.512036600494655535e-14
5.110819070989012921e-14
5.005462865407368092e-14
5.108863828152953713e-14
5.206620058168829976e-14
4.891409433622561732e-14
4.793233322565749922e-14
5.183563942726478656e-14
4.955889252686487871e-14
5.242626830289712336e-14
5.003025288455442322e-14
4.923754689381833775e-14
4.756158793591375987e-14
4.905832673029803595e-14
4.563544256988026374e-14
4.987384461641872792e-14
4.225756498470239452e-14
4.535582827612728812e-14
4.583426484580294378e-14
4.557634050886559047e-14
4.850516423279955486e-14
4.219254241251971269e-14
4.690421754014052019e-14
4.797271825288496312e-14
4.349477575598346529e-14
4.394355783933059480e-14
4.341579416636305878e-14
4.680732986100541515e-14
4.224030986296558954e-14
4.313017914258800416e-14
4.370449140194771500e-14
4.151019660197718257e-14
4.255029509794444275e-14
4.448066625600500655e-14
4.153197490918775112e-14
4.221002768217599285e-14
4.110155371893319578e-14
3.716766517057873678e-14
4.020942407056463288e-14
4.058603846836179049e-14
3.941141636470433417e-14
3.828547924678673444e-14
3.634329717183475560e-14
4.091180192389131511e-14
3.844204882862419834e-14
3.792295532164604553e-14
3.700155846061789302e-14
4.107038892419318834e-14
3.717842832193945363e-14
3.408499481934458756e-14
3.367086891632981970e-14
3.819753173857738417e-14
3.753312995969724482e-14
3.641033403513569690e-14
3.680811972603012286e-14
3.414890649873668305e-14
3.275337614696095956e-14
3.639283790887484957e-14
3.260042421688441333e-14
3.555770000713928539e-14
3.581723980607960332e-14
3.581907321443389082e-14
3.141861899098377060e-14
3.299148965171212640e-14
3.143562597268964958e-14
3.247355724856750548e-14
3.557080826876726420e-14
3.239732735024065572e-14
3.085860673644193649e-14
2.910912117069308112e-14
3.175319738986852273e-14
3.292811910744483305e-14
3.065566783566001805e-14
3.159975044344895026e-14
3.152167982157397147e-14
2.860777423164455632e-14
3.122738813137823932e-14
3.065212264342737691e-14
3.108064426561535108e-14
2.892288713351881250e-14
3.062155193737774551e-14
2.894543708938067967e-14
2.792150653866975275e-14
2.992929742737693680e-14
2.887682810908756309e-14
2.797180187058095062e-14
2.966918548307335440e-14
2.864079346012035876e-14
2.844267325661614463e-14
2.931184204734412450e-14
2.612398057859626268e-14
2.598394597878005782e-14
2.668244384668960186e-14
2.622657105049102441e-14
2.697271281757645040e-14
2.754383835181352201e-14
2.767710943245167547e-14
2.539527876650755873e-14
2.715962405392149797e-14
2.627612994899762016e-14
2.591302240184481623e-14
2.731958062495441288e-14
2.620169467698029323e-14
2.599092029670006531e-14
2.629212668253337289e-14
2.624048077255642428e-14
2.599835936518403257e-14
2.602241704998873612e-14
2.532612375663134142e-14
2.684339346708232093e-14
2.580523605759176418e-14
2.500433462686095023e-14
2.544432171348264079e-14
2.651550481816242284e-14
2.566693072414119140e-14
2.390965825039892302e-14
2.523977105866361453e-14
2.537695562844516668e-14
2.405710078997423603e-14
2.541936781996475125e-14
2.481867611258614669e-14
2.421644464300190867e-14
2.501262319237970777e-14
2.594767222560455562e-14
2.468343035338488339e-14
2.384477167522586905e-14
2.255890947911657486e-14
2.277751315192065843e-14
2.540719946251109420e-14
2.349092592873772003e-14
2.359608983563254933e-14
2.475803480049106949e-14
2.283140173596910603e-14
2.472664454282861596e-14
2.464501279369068691e-14
2.337589797512480237e-14
2.405350200695040387e-14
2.196440816910846906e-14
2.360478891665989442e-14
2.362708600723617715e-14
2.505718485677730575e-14
2.364228697797804458e-14
2.523290061305039590e-14
2.374105060397313442e-14
2.394992842154103202e-14
2.245761544895597562e-14
2.326604283058215329e-14
2.372251294531279602e-14
2.413016040229992707e-14
2.429859598658482233e-14
2.347753249168509746e-14
2.284639867728772905e-14
2.323047729962019666e-14
2.273137226176133432e-14
2.504233122489022427e-14
2.259604066932138806e-14
2.216846863061355524e-14
2.380217687988746064e-14
2.246923829644901457e-14
2.331016481196967290e-14
2.365157565837416639e-14
2.238464225737856985e-14
2.487530952012596767e-14
2.346032817606283572e-14
2.285342449635834401e-14
2.500599777967752320e-14
2.260662347176515031e-14
2.211025746816659825e-14
2.361756410834874016e-14
2.551791108769998486e-14
2.372674916165026407e-14
2.364349021364727818e-14
2.388245405359686794e-14
2.452482516668936206e-14
2.208933175192923431e-14
2.382615996305963944e-14
2.217748664124288940e-14
2.439716441135407956e-14
2.343685196619844088e-14
2.345052366704893369e-14
2.397915193855767867e-14
2.387602406993392763e-14
2.470651958837647047e-14
2.356969108682499382e-14
2.353437304272330572e-14
2.373394298264750586e-14
2.307261100029802203e-14
2.409569777758144817e-14
2.625948217423952160e-14
2.396457776701532012e-14
2.485674259501673767e-14
2.637649099762453569e-14
2.439567466710569125e-14
2.477827565262475084e-14
2.539347814717197127e-14
2.549650947162945287e-14
2.415264103093871860e-14
2.469958708644258917e-14
2.291573658626684920e-14
2.386559848406662904e-14
2.599953502097832769e-14
2.394560771718684966e-14
2.496290257503794475e-14
2.628032005664481544e-14
2.555644176737572371e-14
2.479660001521480668e-14
2.525958210218469087e-14
2.597614572995906586e-14
2.420939875898551179e-14
2.418000246839544312e-14
2.580383929512214265e-14
2.359181062518946402e-14
2.555385659393130773e-14
2.423032541463579896e-14
2.405616421122737767e-14
2.618883634835779319e-14
2.415915084973527521e-14
2.661266425902689871e-14
2.379981459456008979e-14
2.444855285335942997e-14
2.489132803902225353e-14
2.454937020109186864e-14
2.487691550281200235e-14
2.507427787403168079e-14
2.361543270740245295e-14
2.491745240941036966e-14
2.404218235447791301e-14
2.408032511907915147e-14
2.486843238278880676e-14
2.388721634673942403e-14
2.409944100538075003e-14
2.727609622110974813e-14
2.500510541214884903e-14
2.456699971563923400e-14
2.556648205307601409e-14
2.476788644674461251e-14
2.431349802557572638e-14
2.537344437046595488e-14
2.322658365236458904e-14
2.441651887902024462e-14
2.510586714848560239e-14
2.484738598948505840e-14
2.428942844157064595e-14
2.551519148138890884e-14
2.558691844593117450e-14
2.583751332958591255e-14
2.527179084646284260e-14
2.385016476677781967e-14
2.511313428787606332e-14
2.396262800474694506e-14
2.296973525709785573e-14
2.507017067481460739e-14
2.493530743482711538e-14
2.489982422326778374e-14
2.340262491339979086e-14
2.435681166149559780e-14
2.387354676039347649e-14
2.251427671105455723e-14
2.507642214092302972e-14
2.464771996144966257e-14
2.368008305324532866e-14
2.379808950996673080e-14
2.395320357687108000e-14
2.304284845222371566e-14
2.285427458660850442e-14
2.451875798419459947e-14
2.449049177538072220e-14
2.377066358341260887e-14
2.369110452880478059e-14
2.267837945095609708e-14
2.308461465394382665e-14
2.264983415820400504e-14
2.298603464493073333e-14
2.453072348729320182e-14
2.290584021277818178e-14
2.297264546259644959e-14
2.252509764959022813e-14
2.322297946500031893e-14
2.144740275933883367e-14
2.201870544729925110e-14
2.256659731329444801e-14
2.225851161799836423e-14
2.213914719400141623e-14
2.298868085958760492e-14
2.060664994695934401e-14
2.085102381151102939e-14
2.205305429705991589e-14
2.257172008012040055e-14
2.299145127721646867e-14
2.161107277340606141e-14
2.276456209188153709e-14
2.095056756643858529e-14
2.120231163678903091e-14
1.979185654187152550e-14
2.167519914440460035e-14
2.092503825721289687e-14
2.014131180981289044e-14
2.106890643738351569e-14
2.086664964721207330e-14
2.145557471086533073e-14
2.158971322484565122e-14
2.058557847798215829e-14
2.030464267697863398e-14
1.988962594082907591e-14
1.968678288359561959e-14
1.926276977686549400e-14
1.971492411078674098e-14
2.005696044415887463e-14
1.908705902146815845e-14
1.923038776408602190e-14
1.969782354506564942e-14
1.879780993038387004e-14
1.994650688902023371e-14
1.901059325464102149e-14
1.875248859165915178e-14
1.811258140447795030e-14
1.857986274946969539e-14
1.755868823966824225e-14
1.749601765264906778e-14
1.733766335660590345e-14
1.840340024770713553e-14
1.757000803265160572e-14
1.763497015444285461e-14
1.797333740950901136e-14
1.679488501651338109e-14
1.691970473842415088e-14
1.746442561748903412e-14
1.630860603636656395e-14
1.664142206047127040e-14
1.614790237120406673e-14
1.728834559410168640e-14
1.715856298626265584e-14
1.714746689757390869e-14
1.651559159215787096e-14
1.669895699242135573e-14
1.585332526343898316e-14
1.643859172197267768e-14
1.624023806801620587e-14
1.576708768124043882e-14
1.564191773103732722e-14
1.576054719337958563e-14
1.585974130766834705e-14
1.481930534249879802e-14
1.515564101807029249e-14
1.517316511299346492e-14
1.444645040599598602e-14
1.552917136081029466e-14
1.445381781164941965e-14
1.462241043155898953e-14
1.546701970254420844e-14
1.394497408397332744e-14
1.418575347863645075e-14
1.451655577701422708e-14
1.424190266286094850e-14
1.403670727159763637e-14
1.356857929470969782e-14
1.314032033301958170e-14
1.389321557085893363e-14
1.291858370755509079e-14
1.349715038075773202e-14
1.320897959679471496e-14
1.294908426796705673e-14
1.317865840383107512e-14
1.302323591265308648e-14
1.270939994266509499e-14
1.313344167882918563e-14
1.265527882888981655e-14
1.281603894663034522e-14
1.270235350513201939e-14
1.213582659103080735e-14
1.193276569448221460e-14
1.139292900726840869e-14
1.249412604854227110e-14
1.187540489745462310e-14
1.158831205042213247e-14
1.221503301169833575e-14
1.217695885971846814e-14
1.235854366558403000e-14
1.127427868848875875e-14
1.133429706167260140e-14
1.133247233398042696e-14
1.041233029447193895e-14
1.087856753520862692e-14
1.081915275942173911e-14
1.070485732831644683e-14
1.144885735186033449e-14
1.100816713498496715e-14
1.068002001226930625e-14
1.052744767395364063e-14
1.065027081950395879e-14
1.020038263385953257e-14
1.055506764613434745e-14
1.035249733070966379e-14
9.856258854671171962e-15
9.862468460025838923e-15
9.827360677029660503e-15
1.004124835245407678e-14
1.003090756248568807e-14
9.606395346033818893e-15
1.001477769778613703e-14
9.840585758938900831e-15
9.583803671840829187e-15
9.952942433135305506e-15
1.025795049422299812e-14
9.737825322261462232e-15
9.246836008652915994e-15
9.575668948639810376e-15
9.105884734594074564e-15
9.240617316844956678e-15
8.985414712819912820e-15
9.164298518927477046e-15
8.672997172424987647e-15
9.288640409542969615e-15
9.289321052433108789e-15
8.892635798345893619e-15
9.090049602508840701e-15
8.946488582649455824e-15
8.686828943471273732e-15
8.801625557533662877e-15
8.340945921655071914e-15
8.402025032268480649e-15
8.636639383434044809e-15
7.933191179688349870e-15
8.747029287623841097e-15
9.008196127465704500e-15
8.279570840849982245e-15
8.308884497143094686e-15
8.336108355938132305e-15
8.235969284242593077e-15
8.274495797302096316e-15
8.135472774640519965e-15
7.842967403471392073e-15
8.212425169931310030e-15
8.164029935943802128e-15
8.077903329868444000e-15
8.432385726326070963e-15
7.575931324830120956e-15
8.000765445822154851e-15
8.091544130845732827e-15
7.991774061206504528e-15
8.100889640756726503e-15
7.994282005814393810e-15
8.004001199891902072e-15
7.886511744432355528e-15
7.730588939377652102e-15
7.924630893556467558e-15
7.589245216272241820e-15
7.915420556385835579e-15
7.626802878095829674e-15
7.890953966389514823e-15
7.781344083940805532e-15
7.919684135109924793e-15
7.713128377166325900e-15
7.681119340879190788e-15
7.860373651057814847e-15
7.779832365931859706e-15
7.913420707895008868e-15
7.911882152710341376e-15
7.470600050566848169e-15
7.948983334520752241e-15
7.952516312835626758e-15
8.058582510686222636e-15
7.598282948551574409e-15
7.761401516797715378e-15
7.479019679856851576e-15
7.784236605429223430e-15
7.556665053290364756e-15
7.674727419796281053e-15
7.735531078459285525e-15
7.588600862615163963e-15
7.727208047008435867e-15
7.678261170337967772e-15
7.785308514434336794e-15
7.578244812806504980e-15
7.595023344253290590e-15
7.711711577376356452e-15
7.704554149121906476e-15
7.524351653775150444e-15
7.618096851363920244e-15
7.872330410171104516e-15
7.671930342319227340e-15
7.652473508313188627e-15
7.678553856732776562e-15
7.816304173941887123e-15
7.714286030372647728e-15
7.723939826483003941e-15
7.671487385981046375e-15
7.682748205106758105e-15
7.617139783405285925e-15
7.370620337406341883e-15
7.792592952931889256e-15
7.560680827181146240e-15
7.867920947126710713e-15
7.517439623518298539e-15
7.554253663605560718e-15
7.870522301668487678e-15
7.861213980787341432e-15
7.801724770353011331e-15
8.056530573879541294e-15
7.647104148785977774e-15
8.174409440160180909e-15
7.714666927525881488e-15
7.726807133437331574e-15
7.800216155484881509e-15
8.001652507457078186e-15
8.090290020744886604e-15
8.054687782093366601e-15
7.855302096807026403e-15
7.960611306109887414e-15
7.797392726479979361e-15
7.663284366583065709e-15
8.059333387959033163e-15
7.986503033075308916e-15
8.061527966887284475e-15
7.822294693074475225e-15
7.879929972639520936e-15
7.897879767346404149e-15
8.018980490524845633e-15
7.718760312176385160e-15
8.011126722296681233e-15
7.991942307430779262e-15
8.160529998619426459e-15
8.214196482868401477e-15
7.962155541038317661e-15
7.958761103798831253e-15
8.311415868187898567e-15
8.029488832008101104e-15
8.175130947175930621e-15
8.110154544010163591e-15
8.323622431714379841e-15
8.156103730068344800e-15
8.237506283375785781e-15
8.408171203456354707e-15
8.474245796755916775e-15
7.994854553903985160e-15
8.359331678751811212e-15
8.445238952681022806e-15
8.438614195487019951e-15
8.307569836993042332e-15
8.245546478650045890e-15
8.502713369155190568e-15
8.409959395463737406e-15
8.160256579227588047e-15
8.279465440661763232e-15
8.581000445007803731e-15
8.330151983361969299e-15
8.571979509920856936e-15
8.374662299963212131e-15
8.293702013531537281e-15
8.590628375085820988e-15
8.472835676712205859e-15
8.575685887435852074e-15
8.534957070317768836e-15
8.715443033701191521e-15
8.470117027361336207e-15
8.593536857442361662e-15
8.820619840771462746e-15
8.671049131308194582e-15
8.651852963137664887e-15
8.786112187873406816e-15
8.669638308251961256e-15
8.696219446673737259e-15
8.729509200999419982e-15
8.815460091025096994e-15
8.702890249803624569e-15
8.727985616188701419e-15
8.652686617685693922e-15
8.794123104844499381e-15
8.959066739083313304e-15
8.857772938113816050e-15
8.875676068554077727e-15
8.863704724224695650e-15
8.910452905601591374e-15
8.891812129301718502e-15
9.071871133804221984e-15
8.977286013844846037e-15
9.052078928123742807e-15
9.117189896388818186e-15
9.057504105061116414e-15
9.112074132959828816e-15
8.939798922783162050e-15
9.254274084527929513e-15
9.243621992861360761e-15
9.284754114994734452e-15
9.125696869106726779e-15
9.058682105688895982e-15
9.336602058260234248e-15
9.380410351914420708e-15
9.260663579259556453e-15
9.403829205134387732e-15
9.171236963961714748e-15
9.517775281875289487e-15
9.487123099286721099e-15
9.318427491245276002e-15
9.636563312529052503e-15
9.557114116555630996e-15
9.646115917291998866e-15
9.608502469947931419e-15
9.638945281630876274e-15
9.862898562754847877e-15
9.799307927694864671e-15
9.911249248924149538e-15
9.791878847217679186e-15
9.887117175694985010e-15
9.973467610810989603e-15
9.810521260234710262e-15
9.883121632254191388e-15
9.949753822650857926e-15
1.000474737419321578e-14
9.858300799201079468e-15
1.003348639422949463e-14
9.973795968997465481e-15
9.999733838799041890e-15
1.025352993318371403e-14
1.016541576532981347e-14
1.017712844549739184e-14
1.028176265984490006e-14
1.013754841013846985e-14
1.039467682701852161e-14
1.028131992587534334e-14
1.065923649055217647e-14
1.047340300324761531e-14
1.071604682034456896e-14
1.047042528021558867e-14
1.079418029992014100e-14
1.073541767832974011e-14
1.076652230929262926e-14
1.074354188381179945e-14
1.101357326362096525e-14
1.095808920864067422e-14
1.112949397704718497e-14
1.109284669184142400e-14
1.114095127194827452e-14
1.102808617030449123e-14
1.125923483085816831e-14
1.118511176275106929e-14
1.134761455418250007e-14
1.128940113019429544e-14
1.137712987446618213e-14
1.131849493787938780e-14
1.145016272801117612e-14
1.154071351182349605e-14
1.171808419328105446e-14
1.168828109107172166e-14
1.162011730745560455e-14
1.164189650483133990e-14
1.200092462809525129e-14
1.190105422314763510e-14
1.189305039596025610e-14
1.195392786605470166e-14
1.213764102060590470e-14
1.196465192073826704e-14
1.229190297028717088e-14
1.224217516033587149e-14
1.241265908894488453e-14
1.242772807405419842e-14
1.261155966412930762e-14
1.250138662758927895e-14
1.272199093252414792e-14
1.269993023312804847e-14
1.271741487594982246e-14
1.283072826689688986e-14
1.292908665718013330e-14
1.300852195003765613e-14
1.315645445288948254e-14
1.328963219517958276e-14
1.321591785191683811e-14
1.337928615813334962e-14
1.351581702025838127e-14
1.347417261540356913e-14
1.352914180063515614e-14
1.375312986549339653e-14
1.379347565115161016e-14
1.384785541154542131e-14
1.389782433785731957e-14
1.400345381993282070e-14
1.419083271398129638e-14
1.415743735762799666e-14
1.418336542114046804e-14
1.432007833413092621e-14
1.458099091893644287e-14
1.457932642598544193e-14
1.463992435418118118e-14
1.480312854400010763e-14
1.481035151783868705e-14
1.487175417305266329e-14
1.506580484159559139e-14
1.528994132764176331e-14
1.525422250909691198e-14
1.531009570040735674e-14
1.533216917076035006e-14
1.554478677415878052e-14
1.553693065646371927e-14
1.574271577411232827e-14
1.585919651979289961e-14
1.604730677118383944e-14
1.600371133178118524e-14
1.616344264478474049e-14
1.628081505476824239e-14
1.647112880472528324e-14
1.658823169776452739e-14
1.664571092592905597e-14
1.658692645131739906e-14
1.679394430589682058e-14
1.684438035866811971e-14
1.706594124831223244e-14
1.719304120812696061e-14
1.715547327950546673e-14
1.731949744399164365e-14
1.762539683496004832e-14
1.779999275978729968e-14
1.780960582451821371e-14
1.798201316639820460e-14
1.817700188766172772e-14
1.829929361541608324e-14
1.841799868904318207e-14
1.849336059072057188e-14
1.853332994428298239e-14
1.877231702212723389e-14
1.898195337878966660e-14
1.882380343452494765e-14
1.904515395913670526e-14
1.933327639704490646e-14
1.946890263326291330e-14
1.954462983436273121e-14
1.963022254474161733e-14
1.999015508669281178e-14
1.979260409391516701e-14
2.007856180965846413e-14
2.038955911270065042e-14
2.040759258291077948e-14
2.062006132646990878e-14
2.069893035452631468e-14
2.091921316550749276e-14
2.112700634161500337e-14
2.127445105302342204e-14
2.132063491871066069e-14
2.149737312570201868e-14
2.196910699380664030e-14
2.196003899112267485e-14
2.191814237363420763e-14
2.242230661495906710e-14
2.230090298571779815e-14
2.251430727603340946e-14
2.272530999870902605e-14
2.287524133354539284e-14
2.317595935587089744e-14
2.330096399832943788e-14
2.357225194286221696e-14
2.397304200790013508e-14
2.399858618463272848e-14
2.405584768809932980e-14
2.417922179890796619e-14
2.433643627645766563e-14
2.456202961618704608e-14
2.472114521219504162e-14
2.479044968002037352e-14
2.509787967665297831e-14
2.531457100631389644e-14
2.546493550633295721e-14
2.547286780982078392e-14
2.599491127744378219e-14
2.605990352728268800e-14
2.633014613776644330e-14
2.632187340013970615e-14
2.681639333113985084e-14
2.687022503003409033e-14
2.706322677162688832e-14
2.729392529616368719e-14
2.760964922419355482e-14
2.789951880742196116e-14
2.800326486364673958e-14
2.822622015596556864e-14
2.853231473169902723e-14
2.837668735212613762e-14
2.874162771499816393e-14
2.910865943394719340e-14
2.933301521164736679e-14
2.945009798787848778e-14
2.998926985692876483e-14
2.999332339886110080e-14
3.043355469914930189e-14
3.088864117947115073e-14
3.101221225422784272e-14
3.125466757401827122e-14
3.133369562027832701e-14
3.160114839977764284e-14
3.182068533361113861e-14
3.232365369942859007e-14
3.231367061754962313e-14
3.299161024833175998e-14
3.304609367524252962e-14
3.342931191782934521e-14
3.372436111303871055e-14
3.414944880287326787e-14
3.421762000168529488e-14
3.457027527440211582e-14
3.466987933362752338e-14
3.504407216257239998e-14
3.534906506214800832e-14
3.588016534938320965e-14
3.554445265690136292e-14
3.666660016863019809e-14
3.632452931721141647e-14
3.708432560345418411e-14
3.676404979082986031e-14
3.747005108640510932e-14
3.737308395933210888e-14
3.822638878832172064e-14
3.802607509772002130e-14
3.887832135249127479e-14
3.904385983270365134e-14
3.917863790951132033e-14
3.916137340849164524e-14
4.001349330821196974e-14
4.004485285828929454e-14
4.082623296123337242e-14
4.066665863440259078e-14
4.095506043805919002e-14
4.137820019775457854e-14
4.208690603305969849e-14
4.228367438239959047e-14
4.280061759977865877e-14
4.327939581120851550e-14
4.349622722318603099e-14
4.381914986834190877e-14
4.423036339995936627e-14
4.473464300672657844e-14
4.486407755714005928e-14
4.506959883257392884e-14
4.570269626572430367e-14
4.615040117168973971e-14
4.653018757113893934e-14
4.682948661398099942e-14
4.708709715903646320e-14
4.789980305493477195e-14
4.797401022603609572e-14
4.840709877637380270e-14
4.886589178845085449e-14
4.940810047669863825e-14
4.989391108883225593e-14
5.032611327354989245e-14
5.114039634546280335e-14
5.136603300977678315e-14
5.145770731158355958e-14
5.215405879463859077e-14
5.228962641953215962e-14
5.301745398248809113e-14
5.342770855737026122e-14
5.394586039473612095e-14
5.415310337622362947e-14
5.478275819781437873e-14
5.493208878076880353e-14
5.566764064416326683e-14
5.628179335346466604e-14
5.666576205859524307e-14
5.700371246439452387e-14
5.781720396785149326e-14
5.854564861246884406e-14
5.841436924265936013e-14
5.932843730773608616e-14
5.953144344593385456e-14
6.028787131966689813e-14
6.051861157821437666e-14
6.159243902106089683e-14
6.175007522495227730e-14
6.271258683965287583e-14
6.291384132901867727e-14
6.400724109707861904e-14
6.417892550967778838e-14
6.471698484638540090e-14
6.567041052374641523e-14
6.610732387111708939e-14
6.684491723721222910e-14
6.719880202552317936e-14
6.774875377258318852e-14
6.875499508129908401e-14
6.903120630683057390e-14
6.950061503839783946e-14
7.039616692574751194e-14
7.073944045888110481e-14
7.146508803590664946e-14
7.253290621299782308e-14
7.300102967607315982e-14
7.380699483713574840e-14
7.380348062908257195e-14
7.458992679352219109e-14
7.587670176129895870e-14
7.639878283184679400e-14
7.731261950489383993e-14
7.776860974434833442e-14
7.852956875915364969e-14
7.909869751951925523e-14
8.032571982212278134e-14
8.026954898398807438e-14
8.139796014481480644e-14
8.226857613883670793e-14
8.250132221568375119e-14
8.348096694181588908e-14
8.403792309489729355e-14
8.448686216087998855e-14
8.636261401302637201e-14
8.623825027416918176e-14
8.735124185647548493e-14
8.812711062444377835e-14
8.898869492106471879e-14
8.950297033947698100e-14
9.073430870089149410e-14
9.192168415441800843e-14
9.277815095552403015e-14
9.308958182225997957e-14
9.415427823936856530e-14
9.516356581755773738e-14
9.572200887439257411e-14
9.657155541480459971e-14
9.741779886804235337e-14
9.871580467060137153e-14
9.900044246746569778e-14
9.979710075573443299e-14
1.015125132833543027e-13
1.014619216642664898e-13
1.032881802092028769e-13
1.039543602485080972e-13
1.058149207637595564e-13
1.054076625419544662e-13
1.067011023615041237e-13
1.079149273852268635e-13
1.086705049326818760e-13
1.093528894716937739e-13
1.109127536610768303e-13
1.122346474173150248e-13
1.135799410594313276e-13
1.142450353432332379e-13
1.146917932333143223e-13
1.159994623453586786e-13
1.180102532521381132e-13
1.186857557872893027e-13
1.202524976953073445e-13
1.201618417049841705e-13
1.222270984702898720e-13
1.228982294115924519e-13
1.251527283841458425e-13
1.253538862439533398e-13
1.260762363861056604e-13
1.278303558787623864e-13
1.297304048993164483e-13
1.304239457490311076e-13
1.326002571416175298e-13
1.337828375804865150e-13
1.353153260131425174e-13
1.361928828050968712e-13
1.375891071039043286e-13
1.384522056156464439e-13
1.398684605047098128e-13
1.414731660319104460e-13
1.435657383894862618e-13
1.444175763881681963e-13
1.462676529641086504e-13
1.478751555702343199e-13
1.491725882360813788e-13
1.503159636303677540e-13
1.511975240156271638e-13
1.528733430585998637e-13
1.546483816081704189e-13
1.571144680582235412e-13
1.583052688338949449e-13
1.603512642212979688e-13
1.609010509677188473e-13
1.631881245320869016e-13
1.651561954828372079e-13
1.661575871864853117e-13
1.681302184349237912e-13
1.701816987417787052e-13
1.722094659025324744e-13
1.725758856812418855e-13
1.765369457784053165e-13
1.780775758138086737e-13
1.796995614538432188e-13
1.837926383679706286e-13
1.835656200121998036e-13
1.870124016643500468e-13
1.893000852688559788e-13
