9.738621892596983372e-12
4.592694384113348291e-13
2.739127032067091639e-12
3.428636612871968220e-12
1.741311798256275408e-12
1.590875338366917510e-12
6.869383177880753189e-13
7.081665495866305528e-13
3.523446161343803656e-13
4.610609644347728341e-13
3.656974540461120509e-13
2.817024818923537284e-13
2.107806021209544312e-13
2.026306176119024149e-13
1.486021132011407849e-13
1.506569597610478504e-13
1.594674129475021838e-13
1.452056862890913956e-13
9.260187595506409201e-14
9.371852759537989138e-14
7.045368098317584874e-14
7.447284115899739884e-14
5.289079041877387236e-14
5.239798915011954737e-14
5.411074980174538943e-14
5.307779404690529617e-14
4.702106764408404798e-14
3.676665914342442893e-14
4.374036574200111806e-14
4.268813860002895410e-14
3.548138800634010669e-14
2.801124009893716726e-14
3.485188654314779703e-14
2.398795870604124712e-14
2.524990642493251450e-14
2.109273202776014337e-14
2.294316513510740196e-14
2.427594858852389040e-14
1.857137813144734794e-14
2.278909522775245989e-14
2.628440952025995250e-14
1.993538368586485528e-14
1.882478543868563663e-14
1.826351201611641061e-14
1.687880067121259235e-14
1.172908931705762058e-14
1.309845609287535793e-14
1.688907308753645283e-14
1.027683796868391765e-14
1.358688784251921051e-14
1.254379278722213178e-14
1.206717108488265044e-14
1.228358594363157524e-14
8.936033981308868795e-15
9.626675775765015651e-15
1.103102883087184189e-14
1.161253456937032664e-14
1.092666701212608216e-14
9.209998155517793021e-15
8.280776607396578608e-15
9.131598345993049484e-15
8.324008136607857563e-15
9.940272395281716887e-15
8.145439457855624592e-15
8.571875752184018157e-15
6.994677611952034666e-15
6.748949513909974319e-15
6.101788197834344520e-15
6.983409063694949325e-15
7.954875474624114509e-15
7.711874231091609596e-15
7.135813192040156512e-15
7.387970780726272563e-15
7.644986026468493301e-15
6.320478198603230294e-15
6.482766634259009581e-15
5.972088622355564529e-15
6.844630899669636086e-15
5.912804032332925393e-15
4.926419620134905627e-15
5.912876435724567755e-15
6.621830362658547726e-15
5.704063470242079330e-15
5.105824632383719694e-15
5.731915056790798235e-15
5.047806272240698814e-15
4.835968484351118366e-15
4.786355738395090015e-15
4.406966841361339312e-15
4.835540490244382394e-15
4.994488315344624868e-15
4.860659762463776321e-15
4.560677257641200469e-15
4.758603427850483239e-15
4.188259859817669758e-15
4.122287534421915458e-15
4.314369877886061778e-15
4.475623543279313020e-15
3.531610607094996543e-15
3.774128443497256992e-15
4.439986835120363184e-15
3.899544278636790251e-15
4.316023124102288616e-15
3.917392428849497543e-15
4.271526424692111597e-15
3.360081847414167225e-15
3.824903148389641155e-15
3.927289718678890712e-15
3.445383359302512236e-15
3.254990632231944225e-15
3.286982501595727128e-15
3.868253864025619312e-15
3.658889309425270562e-15
2.751386724594272392e-15
2.567292191085581027e-15
3.489338751238211701e-15
3.452306253865916768e-15
3.263746059007379234e-15
3.697558404875626973e-15
2.967812083362348840e-15
2.775334579392392549e-15
3.918234349494601051e-15
3.301796384082666381e-15
3.149036139554394852e-15
2.909124013881248403e-15
3.011766955462322765e-15
3.148250385453146710e-15
3.374757967718710510e-15
3.111790683658717059e-15
2.860418612008026401e-15
2.598159491803368069e-15
2.613011416520155056e-15
2.387695027502818437e-15
2.850155393936121073e-15
2.671536686588256481e-15
2.864027905072961450e-15
2.856508536577925547e-15
3.199423144768030379e-15
2.582256232837228733e-15
2.470853279984151496e-15
2.588395665534621296e-15
2.859317876845736193e-15
2.216879638480574921e-15
2.240237026126838140e-15
2.421519842946656970e-15
2.697430056530982711e-15
2.569933758099086260e-15
2.339491364159588838e-15
2.187281226638623146e-15
2.417616189006720309e-15
2.729579158009960144e-15
2.329016319205152034e-15
2.314939563243559171e-15
2.516016745541211043e-15
2.163242076156333264e-15
2.134697011315481079e-15
2.366086574186914342e-15
2.348338046112075136e-15
2.214276896085442557e-15
2.274023397464656666e-15
2.284326247238056833e-15
2.391902509259572410e-15
2.231223931280315804e-15
2.326523869507854412e-15
2.269590465604599743e-15
2.083242587892607230e-15
2.001397568388496192e-15
2.131857766648959798e-15
2.436569293986677992e-15
2.053337797799480348e-15
1.983387521519544623e-15
1.977015081516466786e-15
2.057263774023941944e-15
2.372412793013327685e-15
1.916548101493023688e-15
2.120249607446847500e-15
1.794148266851690533e-15
1.727755787665906189e-15
1.854332157972609236e-15
2.175573861072007602e-15
1.472386294556043209e-15
1.754185908999761212e-15
1.763792097792947272e-15
1.838561759540304442e-15
1.853334351136787700e-15
1.932305696783547081e-15
2.015414276972422216e-15
1.726496746771830251e-15
1.692331085502812872e-15
1.615050126206752536e-15
1.759228693160413081e-15
1.597734441308779820e-15
1.738900121220807702e-15
1.571296586083148164e-15
1.919828831879610292e-15
1.630950633162378192e-15
1.521053921357096959e-15
1.787335985193137114e-15
1.461075435227911088e-15
1.924240785594817434e-15
1.745812691338639341e-15
1.676901062895930570e-15
1.529797923729074585e-15
1.460835785215707761e-15
1.505582064943765385e-15
1.833754798964259347e-15
1.420785071177645341e-15
1.522454388876710504e-15
1.464066441786833053e-15
1.405582379911218063e-15
1.587236413877754038e-15
1.365729142561605663e-15
1.566762913582127353e-15
1.331471964748686034e-15
1.551391512205820234e-15
1.637492356485204085e-15
1.397357482937154124e-15
1.382888125781189447e-15
1.271260566982338794e-15
1.521674679369975724e-15
1.382769671061155223e-15
1.449097419103620006e-15
1.369193363108460697e-15
1.346432191321602015e-15
1.226193682849840918e-15
1.290106977863856300e-15
1.457025136450330852e-15
1.217060926211662475e-15
1.302368326419414787e-15
1.286126531325834076e-15
1.405159549787814582e-15
1.300215336100662818e-15
1.222946951196204261e-15
1.355645487491764759e-15
1.275771316464282608e-15
1.390848754599955754e-15
1.417142076054116578e-15
1.413402793316181073e-15
1.213873017265979867e-15
1.285599202119389967e-15
1.193970394791604525e-15
1.174879864047577165e-15
1.225645980441648354e-15
1.187924692414151745e-15
1.077561642938838787e-15
1.159589285214453321e-15
1.159031320347405449e-15
1.226701489190237360e-15
1.185126931629183104e-15
1.016176420195054074e-15
1.147018640598669004e-15
1.083965918314099411e-15
1.119628747614135394e-15
1.064828928563109173e-15
1.098334284298678259e-15
9.455862785146052150e-16
9.710300120599157224e-16
9.720768481072875939e-16
9.211535302122940510e-16
1.089128518717211470e-15
1.135723293877161067e-15
7.946332877671300517e-16
9.901661954455890384e-16
1.089524894910528489e-15
8.880260729983336622e-16
8.470642972331669290e-16
9.803232601028176921e-16
9.462943132557832302e-16
8.480430115859737108e-16
9.301743136959505033e-16
9.272972931981637872e-16
9.590641503191862276e-16
9.425478088795265254e-16
9.281342535209656547e-16
1.032075313331274066e-15
7.994509336663259512e-16
7.847410865032132170e-16
9.107051923297119877e-16
8.685274218354945411e-16
7.671374867584795610e-16
9.330722827680815371e-16
8.896995592278210590e-16
8.756867123980351295e-16
7.721968669237565116e-16
8.824787966809444711e-16
7.316351900398194017e-16
8.173630348427023967e-16
7.858665751889946188e-16
7.579215102598786111e-16
8.969574763649231752e-16
7.478766401383266115e-16
6.991358771004748960e-16
8.391342677233190386e-16
7.804445094690328050e-16
8.138718525311875285e-16
6.576548301699670491e-16
7.014450086137829505e-16
7.291353069908743074e-16
6.968957341905955030e-16
7.091831343592047822e-16
6.753396439877069732e-16
7.437546616049684304e-16
7.214366543503234994e-16
6.686519474236261090e-16
6.917809287127819390e-16
6.423172052426467740e-16
6.916791859003050394e-16
6.337477705119809833e-16
7.111145595784944603e-16
6.552067191731806364e-16
6.614809543974053045e-16
6.490925125359533253e-16
5.170953896426728341e-16
6.962073752334631936e-16
5.465206139693336455e-16
6.207708798559353292e-16
5.983572408732387773e-16
5.268716818865346385e-16
4.874678421231958602e-16
5.121145664096890334e-16
6.210271692669805590e-16
5.099507794140657637e-16
6.022225689182865953e-16
5.410580597120831386e-16
5.884948026269221451e-16
5.115209488042217666e-16
4.873076798285589774e-16
5.223766818360446937e-16
5.525653407765658913e-16
5.217196395438966888e-16
5.395256796040738687e-16
5.232622113167879648e-16
5.407508700923549064e-16
5.359731266552803857e-16
5.045006960787620485e-16
4.748337648522460361e-16
4.789928236577422277e-16
4.746498714376288458e-16
5.110597509064618349e-16
4.551991431798860206e-16
4.927522183929688166e-16
4.335386787559463166e-16
4.968335865949723985e-16
4.508635913925369478e-16
4.081270375435059534e-16
4.581801098919319351e-16
3.659664341492682505e-16
3.863804910359408573e-16
4.674144379580280501e-16
3.983319914474444815e-16
4.539711972712416184e-16
4.669545803499412501e-16
4.276416456741139697e-16
4.053725604940314394e-16
4.307306296654554151e-16
4.098436168691155012e-16
3.894937706145900494e-16
4.300207397726574353e-16
3.824597588457135788e-16
3.685323681159472418e-16
3.378754338486307500e-16
4.252674023381715753e-16
4.138911146052176689e-16
3.864276206231391110e-16
3.148095351779371585e-16
3.218868446813464574e-16
3.431143955670566040e-16
4.006750065797195482e-16
3.591281553854697983e-16
3.454025191042207745e-16
3.420722362800888279e-16
3.707819102370628914e-16
3.389757423615852481e-16
3.487064962105044364e-16
3.533932634259265365e-16
3.213392520578617521e-16
3.278130215048219855e-16
3.193793722281336727e-16
3.882055652747199336e-16
3.758896803746721381e-16
3.228156135107146131e-16
2.986138740044041684e-16
2.943373809305887843e-16
2.958721150792289269e-16
3.341583575468752396e-16
2.954027671724930282e-16
3.338665668425848836e-16
3.225081683360769649e-16
3.254783977385325638e-16
3.216275066554595341e-16
3.114544646910917795e-16
3.200015897543185726e-16
3.061772433292686593e-16
3.474358497870934321e-16
3.055015510428463599e-16
3.258933123329323765e-16
2.996488349545883943e-16
3.235717009929891560e-16
2.851421704240029631e-16
2.976123122406135572e-16
2.780034536974967220e-16
2.893596174829544436e-16
2.985816512516370449e-16
2.852956278443655133e-16
3.173748950904272480e-16
2.850429818886786496e-16
3.184462324090328159e-16
2.693805674145633046e-16
3.036777164267800836e-16
2.724569072395998338e-16
2.641526748000277783e-16
2.937142333369244955e-16
2.786002022228276014e-16
2.936603753524656209e-16
2.645639003133155752e-16
2.817803950587352237e-16
3.017920074933688871e-16
2.903203574201611005e-16
2.876378579080380243e-16
2.811145841396183118e-16
2.789092639179257720e-16
3.029996493099366331e-16
2.662256820057775360e-16
2.830966969060411424e-16
2.532059409566990677e-16
2.985517283619266068e-16
2.976690289443355789e-16
2.964504118979030380e-16
2.612072410493177913e-16
2.936023828305294092e-16
2.490043685353137781e-16
2.989816088462076864e-16
2.509213230010057102e-16
2.488729051979599196e-16
2.780971861682911053e-16
3.073941654005701481e-16
2.563896760752311896e-16
3.146874807030695719e-16
2.585014329190338885e-16
2.897054701783224565e-16
2.972963862393535618e-16
2.852613734157642926e-16
3.240111112371374360e-16
3.140438554133012057e-16
2.762502360336978001e-16
2.989939672837803538e-16
2.413800745226167566e-16
2.790927708767042247e-16
2.548472711248984321e-16
2.983050950097471213e-16
2.701338343401099772e-16
3.120020972744449540e-16
2.770231771440505598e-16
3.164970733538827654e-16
2.794665339695687500e-16
2.793982804528171822e-16
2.718193066879106651e-16
2.701549729874492366e-16
3.026588278267105260e-16
3.266877999982114464e-16
2.869864608488845935e-16
2.877616580408995519e-16
2.770215256066679419e-16
2.861001861920950167e-16
3.127536333821270332e-16
2.620362009570103128e-16
2.941558644885506468e-16
3.174320308756879578e-16
2.994338807691122239e-16
2.709352151793638902e-16
3.251607846851449041e-16
2.897240451216966979e-16
2.865943987351943977e-16
2.995062399955291270e-16
2.528987483628833785e-16
2.804941094817025565e-16
2.988559948993517221e-16
2.894348001388626675e-16
2.615662088061445328e-16
3.018808630055880333e-16
3.019891796632348379e-16
3.082407133461139402e-16
3.039834136864579817e-16
3.307545062091565566e-16
2.766913515015714097e-16
2.638516687920153562e-16
2.915448530159816062e-16
2.595458332727642556e-16
3.243343358254619756e-16
2.325553893532096089e-16
3.117523830558034901e-16
2.857635609924420250e-16
2.905071023195416489e-16
2.785674854013803839e-16
2.906249082901742906e-16
3.013659897673329568e-16
2.947484038923161758e-16
2.221742645804579752e-16
2.905394220966770529e-16
3.079750386510789458e-16
2.828668626052813490e-16
2.848605636698566676e-16
2.438923320307433089e-16
3.326829679974705493e-16
3.086478894388824803e-16
2.803569447840815638e-16
3.044631383808205393e-16
2.632995282994961259e-16
3.370878727923017680e-16
2.593430377905957337e-16
2.848985367118147264e-16
2.823672297402827294e-16
3.232336559116801003e-16
2.908533518678339588e-16
2.782525803152498351e-16
2.732897151298475912e-16
2.808552775570415011e-16
3.133011951935543838e-16
3.598444008191702156e-16
2.972801957795960644e-16
2.522662192918301437e-16
2.869767183268956172e-16
3.046590852117312249e-16
2.925855502472726909e-16
2.780291491046250333e-16
2.963908537288057374e-16
2.903109605914148904e-16
3.013277722175650809e-16
2.568345282004449782e-16
2.694645149630535220e-16
2.843198124712867819e-16
2.953467623800788918e-16
2.844287015511238922e-16
2.674316156938674524e-16
3.113893330856903108e-16
2.326957428945971409e-16
2.800461031123605219e-16
2.397582265848725378e-16
2.924372650898001038e-16
2.684545506404425664e-16
2.553160984667815679e-16
2.717569954855816548e-16
2.529440094825044280e-16
2.778712092822933091e-16
2.884285583075241200e-16
2.567471322542768336e-16
2.683648455509484943e-16
2.907256788059348549e-16
2.791215935473600697e-16
2.631084872430989915e-16
2.678611688191631478e-16
2.743746865921342537e-16
2.662711478762097145e-16
2.817597864375687453e-16
2.817077094420104941e-16
2.647077112125120814e-16
2.620972995428658064e-16
3.019565142529246785e-16
2.957421662612325943e-16
2.696620847612946807e-16
2.525898301617953809e-16
2.613126128401047803e-16
2.748528755900762345e-16
3.480365346613729406e-16
2.615966993875077382e-16
2.783703930009471887e-16
2.618750222292599656e-16
2.738951104113266368e-16
2.695212645026840484e-16
2.458828840139064022e-16
2.512383158110001128e-16
2.430669451321207725e-16
2.467759591434452901e-16
2.312545902198573809e-16
2.754112832299467891e-16
2.516729391061661318e-16
2.413433267671828160e-16
2.948159847936706784e-16
2.861932741397143210e-16
2.532912923210139036e-16
2.294351366106734427e-16
2.886693290095140742e-16
2.637128752560888768e-16
2.346022026931394816e-16
2.725927226917192431e-16
2.374674606017345739e-16
2.567469704433487864e-16
2.702565307143067074e-16
2.518389854768189883e-16
2.583889491317342155e-16
1.956694590075581860e-16
2.242194626209136620e-16
2.647977062775948499e-16
2.338374518069270080e-16
2.336202607524325317e-16
2.675722458435224749e-16
2.688005191198846065e-16
2.559189403602044589e-16
2.862320292841243066e-16
2.404070132013041892e-16
2.321442317273905057e-16
2.191276289328987626e-16
2.559778108750451129e-16
2.389610264473277912e-16
2.203300100521292312e-16
2.401906739514032307e-16
2.557596927370287352e-16
2.560756538012857264e-16
2.371612137995495570e-16
2.417215784834250395e-16
2.125868356131531305e-16
2.454288071293151916e-16
2.272320717799998657e-16
2.373687027809957417e-16
2.115013449777262064e-16
2.346611750090338244e-16
2.046841536790912619e-16
2.171158762744577141e-16
2.099187674505351596e-16
2.256292664963123159e-16
1.744576883634952584e-16
2.418520764505950972e-16
2.011192272978359961e-16
2.133415491333531433e-16
2.115261763511770376e-16
2.126020426063073102e-16
2.223479943710605965e-16
2.098714372470491218e-16
2.303545506188284503e-16
2.155531136427926971e-16
2.291518772350371953e-16
2.309590625127943685e-16
2.092583114977888334e-16
2.269609957028002849e-16
2.224274770534334422e-16
2.021104100649202397e-16
2.326157289748195413e-16
2.086795105769077952e-16
1.947097442753555616e-16
2.367717851089121322e-16
2.085921457103940072e-16
2.318898315514024409e-16
2.099530118282010386e-16
2.277723927452027342e-16
2.154362570160176773e-16
2.215600161261712880e-16
2.115184591048028533e-16
1.996009800333307293e-16
2.198183764265189544e-16
2.222464770799638674e-16
2.215963347212752137e-16
2.336313508595256012e-16
1.895683132787555231e-16
2.180458872689749734e-16
2.135204909500375655e-16
2.195007600581420842e-16
2.141227382294741415e-16
2.061864799906215497e-16
2.132730697502210013e-16
1.886143374930757045e-16
2.105269071522779581e-16
2.100058346844623878e-16
2.206554008177470294e-16
2.291623469200729304e-16
2.022037412279414315e-16
2.033636293134024889e-16
2.180500959003841395e-16
2.286272269141736353e-16
2.229200380126216113e-16
2.095787411525815951e-16
2.429378120103354079e-16
2.098566198112204966e-16
2.180083488753570414e-16
2.008722473608027695e-16
2.107890042697664989e-16
2.149708718203634802e-16
2.098380862425370044e-16
2.086845991642080151e-16
2.034614501639446400e-16
2.009609189812785092e-16
2.094200239394683703e-16
1.960928423468554775e-16
2.107250959472054001e-16
2.172045052486204959e-16
2.073142913306596241e-16
2.166614730204823744e-16
2.060144600801213032e-16
2.258762215067689237e-16
2.157569565162187979e-16
2.170341251277418934e-16
1.873457667479906581e-16
1.986947219134035416e-16
2.211702710111317130e-16
2.149846517938698420e-16
2.214987990609275481e-16
1.877983174292943940e-16
2.150397380429030853e-16
2.410885626577483193e-16
1.899560500489479864e-16
1.952811761793362809e-16
2.322733762766979709e-16
1.931041643964544397e-16
1.832632768006033865e-16
2.344317840922023578e-16
2.181904496399605246e-16
2.011385158787465238e-16
2.019111054230241799e-16
2.295791970197826710e-16
2.610442729825498322e-16
2.355853951662590810e-16
2.134091313428006940e-16
2.186823729828065175e-16
2.193861690102740562e-16
2.361675662502015975e-16
2.183273988274242965e-16
1.907498506120759642e-16
2.343111433584422794e-16
2.047011497983864484e-16
1.885114166230236488e-16
2.192816477940356353e-16
1.967315568679597957e-16
2.133238210315554278e-16
2.391921097867370377e-16
2.009549858330118785e-16
2.192748734928211848e-16
2.117085787917541634e-16
2.426583143124000321e-16
2.150535869415759495e-16
2.172720499109581675e-16
2.417753404651093399e-16
2.067421563720320135e-16
2.202117580849657151e-16
2.504225732635772870e-16
2.219377622849344507e-16
2.261723040956084077e-16
2.227763930899895658e-16
2.113987522432645246e-16
2.114154273205561107e-16
2.328924966331170217e-16
2.289007365537355064e-16
2.282307043583335723e-16
2.372864488143244624e-16
2.141503073336890236e-16
2.274490734140785691e-16
2.139743324725347850e-16
2.477305788972661104e-16
2.154011631698333783e-16
2.165459609564453091e-16
1.825597081994461897e-16
2.333934441292865944e-16
2.146802524302565101e-16
2.237756104428560708e-16
2.316006922036729601e-16
2.140696075701762450e-16
1.850486293863811868e-16
2.442880080508614571e-16
2.127470846463142261e-16
2.032305485990229936e-16
2.266048933004623185e-16
2.381761704560811218e-16
2.497876738230602906e-16
2.485357883972808247e-16
2.225707427093967672e-16
2.448866110714953121e-16
2.364814603318716453e-16
2.252656913036901167e-16
2.531520453672682541e-16
2.238961267575049434e-16
2.497108467707471644e-16
2.741301432737890306e-16
2.405458150219358533e-16
2.257522120753504221e-16
2.418772204231148210e-16
2.494399396909579496e-16
2.194579435080236186e-16
2.342055101162429767e-16
2.275085716208014396e-16
2.527429017067679286e-16
2.680253598628008538e-16
2.141803217135977056e-16
2.174738406509133021e-16
2.512770654920092912e-16
2.438249934105274890e-16
2.610451424672485252e-16
2.381473925939510762e-16
2.229115155824107118e-16
2.732952761762584029e-16
2.656102805397115042e-16
2.602211307442749403e-16
2.572945077133615454e-16
2.357726006662609835e-16
2.438828633182320784e-16
2.299620983230847092e-16
2.562228380732777747e-16
2.390671058130992838e-16
2.493851998630293139e-16
2.232152258550936454e-16
2.435182634118513986e-16
2.570653459609261160e-16
2.447548071593499970e-16
2.422563808954989026e-16
2.346248050744917674e-16
2.773512928999191243e-16
2.671146934054441034e-16
2.299792740083138587e-16
2.478837206699019306e-16
2.483729561194994712e-16
2.550509761165192569e-16
2.595636997880516580e-16
2.502449095980991364e-16
2.572811780721642625e-16
2.717115261822994668e-16
2.484115435065361718e-16
2.739192977325365721e-16
2.618452549606218596e-16
2.478128151901650912e-16
3.060911008512884081e-16
2.763324157864620331e-16
2.526210006922076637e-16
2.643335723849981272e-16
2.239433799858279947e-16
2.433169210486447230e-16
2.455136513224104330e-16
2.243273045571105426e-16
2.355111813518262043e-16
2.784661135399811928e-16
2.382461261697178558e-16
2.778651320536417978e-16
2.480768266921614772e-16
2.299870103977152318e-16
2.495999417928610551e-16
2.815469375217390529e-16
2.304211202415281077e-16
2.305428951866534797e-16
2.771092403725676353e-16
2.521389147299251753e-16
2.776012620830348324e-16
2.535226737622958640e-16
2.256284359509647371e-16
2.458910277022389887e-16
2.507519162607957411e-16
2.741641390696790741e-16
2.677012096018580263e-16
2.350037172965111540e-16
2.592083071772251208e-16
2.689103666345008616e-16
2.324173976530379439e-16
2.477874789519352174e-16
2.685285833899188740e-16
2.536335581948856726e-16
2.810596472882001061e-16
2.513338443081208968e-16
2.501417022273978208e-16
2.738914928513961939e-16
2.835200610598430661e-16
2.779490071954373622e-16
2.377829691122612949e-16
2.335278127606536648e-16
2.285118662795575816e-16
2.347803462786481027e-16
2.783777360232861215e-16
2.385823621442454177e-16
2.740243272097329337e-16
2.270134726927740684e-16
2.602298376891836066e-16
2.178769855631968184e-16
2.608906332619565276e-16
2.193529694285957152e-16
2.359902364963829758e-16
2.367418674945889922e-16
2.269271982987394487e-16
2.313268339229482695e-16
2.467434626250103536e-16
2.353446861482749944e-16
2.492684928201803309e-16
2.320227701375282507e-16
2.494083867623860022e-16
2.391626750454482357e-16
2.263865994723639616e-16
2.595606268767483197e-16
2.586216329348235839e-16
2.301467012051857536e-16
2.279277831050106027e-16
2.199659142532693688e-16
2.214404346884368716e-16
2.622376054936721469e-16
2.636131803044861862e-16
2.511443292175551312e-16
2.569645985461940368e-16
2.636428164865250194e-16
2.492898384982207770e-16
2.585755860847632315e-16
2.327069411966060948e-16
2.718570607207897336e-16
2.164338046159850542e-16
2.679172118815828787e-16
2.440078930203075868e-16
2.359605670030144631e-16
2.062969423702914991e-16
2.304448596748347061e-16
2.475722440839895452e-16
2.426598194846672613e-16
2.544057523011911286e-16
2.522469319344812137e-16
2.217813028379956283e-16
2.342024700627147263e-16
2.008282543939221306e-16
2.229274538819476563e-16
2.219030034175963671e-16
2.298253489228727326e-16
2.143808281043975599e-16
2.473625164942768740e-16
2.261410256208789662e-16
2.140135145711215535e-16
2.441058036897158933e-16
2.263291849399541960e-16
2.486968597267771396e-16
2.055479876076816580e-16
2.186886128612462427e-16
2.241110735353548536e-16
2.142303688530930170e-16
2.555719389467703832e-16
2.203191671359719268e-16
2.087814614375122822e-16
2.435236467097382700e-16
2.504570801874403664e-16
2.086515693724397635e-16
2.277807899470500599e-16
1.971467948119641258e-16
1.897021290213554235e-16
2.246834531899138394e-16
2.111283230202115358e-16
2.046067435599519500e-16
2.076063312018779613e-16
2.086915353167760350e-16
2.298927623371013274e-16
2.151999496005045036e-16
2.586351051660517119e-16
2.360845514794888585e-16
2.176487968446229054e-16
2.116853851889056979e-16
2.176740982903454643e-16
2.077180208992631106e-16
2.193515677047212313e-16
2.055574551474126832e-16
2.031012441595164410e-16
2.043755400937564581e-16
1.939657923935610615e-16
2.135038326978413536e-16
2.453112389675832305e-16
1.970737098413253996e-16
2.481365362407895633e-16
2.131861540502532513e-16
2.106216032283722256e-16
2.144261797701591265e-16
2.234025232653222630e-16
1.988856053338356463e-16
2.341774020799598834e-16
2.028297175831948350e-16
2.072998021408904465e-16
2.381175875365417651e-16
2.215871936591884575e-16
1.947432972357962666e-16
2.078698206925496625e-16
2.118250466322975374e-16
2.393094279125806551e-16
1.971858780062891621e-16
1.999329573555747899e-16
2.158292455328688721e-16
2.395251480681229365e-16
2.189470761622167140e-16
2.318095882149043466e-16
1.938925194241404345e-16
2.227570887150466840e-16
1.886585985274321388e-16
1.853642852158947486e-16
2.033362245512297820e-16
2.042182592229569076e-16
2.440890974941068177e-16
2.097373453658702534e-16
1.978306678121376960e-16
1.949679269294744638e-16
2.027453146845693044e-16
2.122566619198087354e-16
2.052884881130903746e-16
2.036793312261411341e-16
1.785666113239890189e-16
1.873409072676797608e-16
1.999529699883262713e-16
1.969749625311040881e-16
2.096340857919992607e-16
2.162147067129539998e-16
2.232975189946248820e-16
2.097762869301664550e-16
1.799088191765363907e-16
2.359656375212071085e-16
2.218251043243712191e-16
2.079810694854572250e-16
2.053590157780399798e-16
2.235389670696346338e-16
1.987581114062684092e-16
2.264986435077902481e-16
1.864751397395070232e-16
2.129743705731866933e-16
2.210212883627726164e-16
2.143311615877759286e-16
2.020572747357459651e-16
2.123477918337113825e-16
2.047607401810014112e-16
2.431334706338494760e-16
2.063011278648285100e-16
2.070337479577117152e-16
2.061173466275974370e-16
2.125525520680012858e-16
2.318800513983171149e-16
2.056079598921405272e-16
2.025513671996436589e-16
2.026095742058742424e-16
2.242308282960776473e-16
1.867625785668055001e-16
2.138101665827749943e-16
2.169110670010449731e-16
2.093413388149486156e-16
1.927186904091024943e-16
2.197673825408605025e-16
2.474936592059289999e-16
2.222876983666839361e-16
2.174193932893503212e-16
2.283288888942546131e-16
2.171742916962486825e-16
2.096556708263357223e-16
2.221822294214819882e-16
2.210481138330360235e-16
2.152341036707672539e-16
2.139401895615873933e-16
2.028794899120325164e-16
2.253850629662815325e-16
2.402475511558187407e-16
2.438894505378364959e-16
2.252770678024935654e-16
2.404353141051025552e-16
2.128480312980158501e-16
2.057909217621712894e-16
2.161632061308143690e-16
2.284982842022075411e-16
2.323475546288872554e-16
2.181887916922543287e-16
2.340654406467106430e-16
2.046065218930749685e-16
2.042947151643190625e-16
2.154710854714755692e-16
2.417539125932059565e-16
2.450688271637374591e-16
2.260976011333251093e-16
2.368691996096287667e-16
2.492991026242541636e-16
2.089375289049015905e-16
2.310352897920197443e-16
2.210260910038801337e-16
2.392642766539499684e-16
2.444540738339578394e-16
2.363170478885596525e-16
2.339629924625532787e-16
2.758799100303432139e-16
2.402783036175252483e-16
2.321416608552272390e-16
2.288642838288697741e-16
2.362929225718825895e-16
2.367554925680905769e-16
2.295510220318224577e-16
2.385902219030669385e-16
2.234528837800108185e-16
2.475886521495640657e-16
2.434413265479251296e-16
2.613615453141261271e-16
2.609674543422015728e-16
2.476072832378029091e-16
2.412933046067651832e-16
2.551689708011412518e-16
2.430234518321533872e-16
2.682573528676302622e-16
3.045153288919445439e-16
2.801747786777766310e-16
2.493060518203404424e-16
2.504244408475997584e-16
2.870955733531800179e-16
2.410182616741895767e-16
2.701311290218386155e-16
2.521489137895136616e-16
2.653905072875334464e-16
2.571504141321956361e-16
2.468706670684089077e-16
2.869105632327751719e-16
2.896582071289204066e-16
2.506413810834521497e-16
2.574296013986695120e-16
3.016539604873225790e-16
2.606871941217481518e-16
2.437646645708283489e-16
2.676385337763405726e-16
2.797045816709179392e-16
2.732941917106647271e-16
2.286094842757702471e-16
2.500930138611685338e-16
2.605140031381065157e-16
2.369571970927762159e-16
2.677317045413394103e-16
2.947929797993162605e-16
3.011741169974839865e-16
2.820427547107227247e-16
2.479365645083048407e-16
2.907335655658859605e-16
2.962094416188872225e-16
2.877674620440206508e-16
2.913725988962385563e-16
2.852021809329891765e-16
2.705261365865488047e-16
2.802460717360913916e-16
2.732954573570598861e-16
2.767529302892575205e-16
2.967475012360850816e-16
2.965673296226205221e-16
3.044553126660468655e-16
2.536099792720456123e-16
3.021391332258710259e-16
2.767015500296844973e-16
2.790833022370479472e-16
2.872294533063479154e-16
2.780908579223976346e-16
2.997989931474284931e-16
2.821583125023152986e-16
3.121960157381335028e-16
3.187104465185883283e-16
2.760244201307226232e-16
3.064864185882212738e-16
3.282293190186489826e-16
3.321334744900206046e-16
3.374855587643130906e-16
3.356049198689498628e-16
3.075992018769186622e-16
3.650634692778935658e-16
3.667149926432266562e-16
3.355863988129050048e-16
3.189963452118949654e-16
3.302568098865802895e-16
2.998473275809966574e-16
3.018125756995192989e-16
3.209389886513247710e-16
3.724160507559066514e-16
3.247249993954537001e-16
3.045567850473171588e-16
3.481482979612700533e-16
2.992210581205836269e-16
3.723854186680385441e-16
3.621770371671069016e-16
2.749554151553743123e-16
3.387136379577742788e-16
3.294979570731501279e-16
3.748967383824263498e-16
3.735395747213149459e-16
3.222626080834924646e-16
3.714841974856769061e-16
3.762037346480306240e-16
3.726445804759770164e-16
3.090256290468428983e-16
3.352646648119399452e-16
3.697491736337740600e-16
3.723088174058543765e-16
3.494523126750187673e-16
3.933518500731566274e-16
3.810064151273940914e-16
3.273506583896709828e-16
3.318202215777619889e-16
3.989994690156403527e-16
4.112114844189260030e-16
3.496995749487770134e-16
4.300853832340083461e-16
3.710978077827473276e-16
3.772589889423756883e-16
3.980087678955980237e-16
3.940068385974458321e-16
3.502430110412781505e-16
3.806657995869357139e-16
3.998742524731331734e-16
3.951255782911171763e-16
3.924244121742748643e-16
3.782659823652494080e-16
3.997146766273841909e-16
3.885841177173773214e-16
3.914457999837861942e-16
3.865045571556939536e-16
4.616039989452014779e-16
3.358943728033691053e-16
4.952712557527640406e-16
3.728596678126960506e-16
4.150482828327256275e-16
4.111761292403777946e-16
4.228970764229210347e-16
4.432183888750770775e-16
4.194490032809346519e-16
3.999930002525299258e-16
4.207588537998772265e-16
4.294298587353531548e-16
3.968040363822371202e-16
4.985702954323622178e-16
4.033442519114425006e-16
4.249061205225139959e-16
4.715717823994310454e-16
4.167701584722027672e-16
4.383893334760654196e-16
4.548034834154764122e-16
4.794276318385813634e-16
4.651082649485586715e-16
4.595738334799062447e-16
4.346848293504986343e-16
4.403999309290785449e-16
4.395073469744500683e-16
4.675878378046347768e-16
4.780191295400723828e-16
4.337215496015933849e-16
4.457419987422146887e-16
4.593396654467593894e-16
4.994391989021095723e-16
4.724377018116976208e-16
4.183843083225839890e-16
5.080823638056897667e-16
4.393926869885911248e-16
4.283786950385735327e-16
4.838322388002729283e-16
4.808001485276092796e-16
5.416584071898074682e-16
5.100697491648037412e-16
4.899486260948479757e-16
4.689894739039596661e-16
4.814221237714134848e-16
5.344469848173460491e-16
5.354478892971310854e-16
5.419837172340438332e-16
4.908012275250161437e-16
5.353435201852896167e-16
5.609030951275875405e-16
5.863774211492667476e-16
5.898330570710809464e-16
5.360557080561182053e-16
5.867375828664831679e-16
5.722289029431541822e-16
5.421106257554568202e-16
5.355903396878748863e-16
6.283865115330110265e-16
5.575132278344329184e-16
5.677616958043706704e-16
5.791857561076631893e-16
5.801216753770757512e-16
6.249605930997530928e-16
6.509491170497391179e-16
5.503081139873634214e-16
5.745380250784092481e-16
5.987021313610598385e-16
5.992560699057488876e-16
5.590976450096688544e-16
6.103353287682044707e-16
6.492782366060773108e-16
6.014687009035064815e-16
6.385221995179962922e-16
5.788345510819130183e-16
6.727845501526795197e-16
5.893036853715066065e-16
5.649792472297851628e-16
5.904040177628694132e-16
6.752688897200443367e-16
6.961280760501864479e-16
5.926205138535717766e-16
6.240263498651060392e-16
6.018771940963592832e-16
6.743517439807716772e-16
6.564885379436997576e-16
6.983674283192076112e-16
6.776215668568658314e-16
7.135800953557820206e-16
7.636380997988551289e-16
6.681791618971777356e-16
7.656620532480898387e-16
6.590803260290775247e-16
7.508857915928146212e-16
6.342678764001007432e-16
6.034055378204775947e-16
6.898840553510021215e-16
7.084272429003729019e-16
7.358539893298327705e-16
7.689494778459734850e-16
7.529543422847601351e-16
6.975855734228199096e-16
7.864126944242603217e-16
7.505342883653161278e-16
7.107531589697360076e-16
8.501687995062639766e-16
8.001711918313208961e-16
8.162964925029664247e-16
8.687253101631862064e-16
7.117046639776818790e-16
7.694962738851898157e-16
8.338126752784672544e-16
8.099960109800507886e-16
8.633312448400038636e-16
7.165811443914583911e-16
7.924330614422884758e-16
7.586352752584684022e-16
7.670386711893157690e-16
8.137029064690389234e-16
8.715246218790306510e-16
8.879583731943862662e-16
9.757359096741877275e-16
8.437452531956185528e-16
8.978945390396683966e-16
8.693058324339095096e-16
8.495362813027022927e-16
8.417461246924399245e-16
8.275715684493069985e-16
8.890208683955626647e-16
7.979442906774611451e-16
8.871729236501340982e-16
7.913190506151285707e-16
9.846205997216022142e-16
1.069618263936594132e-15
9.580663243479986490e-16
9.562846447233484352e-16
1.075074167974216607e-15
9.922801993039203658e-16
9.361524702530496037e-16
9.319382061353892003e-16
9.607451838170200067e-16
9.874401152470305173e-16
8.575735541964582954e-16
1.176642276538852573e-15
9.179741691374244250e-16
1.003615417986095067e-15
9.310233277361010227e-16
9.863262634555973840e-16
1.132400000189894223e-15
1.026120948477358848e-15
9.420203526872363400e-16
9.905658760094417917e-16
1.165772723671587336e-15
1.121149117196495870e-15
1.178845080532884134e-15
1.136561213319271347e-15
1.176354718733925789e-15
1.227601501769109717e-15
1.106292607841712851e-15
1.230761326000401119e-15
1.200760993169292498e-15
1.261391529852245655e-15
1.188470087946248109e-15
1.210058890747484349e-15
1.350087017371902753e-15
1.107038625152487592e-15
1.445383104959374317e-15
1.138345309595131443e-15
1.267834150202334911e-15
1.352226434583966726e-15
1.297166662734363222e-15
1.246909226721838931e-15
1.334422462336221085e-15
1.225674100657709533e-15
1.310212687837729649e-15
1.337914812618268593e-15
1.343409604520268385e-15
1.264491405563122152e-15
1.312123468768152357e-15
1.232040831483167214e-15
1.493041701410331235e-15
1.212309596489705489e-15
1.344125082774155502e-15
1.320350571482248089e-15
1.388393315621119751e-15
1.462470773438037595e-15
1.538978672772659965e-15
1.295661877130142853e-15
1.542086784707607487e-15
1.418277324221602282e-15
1.424911856121063619e-15
1.448332633654847329e-15
1.577322998387456304e-15
1.431077982154381048e-15
1.432291655130331601e-15
1.627540280078840302e-15
1.634931726558876326e-15
1.535062541671881507e-15
1.631942771467548848e-15
1.437161980407263548e-15
1.749460062237037972e-15
1.804625036481679185e-15
1.643114529411078616e-15
1.605720454733120965e-15
1.652145673264922157e-15
1.764553074776288796e-15
1.748912282003838476e-15
1.681243804411732407e-15
1.710647538480645563e-15
1.602534674652522722e-15
1.984773735851199675e-15
1.901786594747017344e-15
1.693829209222746097e-15
1.757345051944153768e-15
1.878282306356048941e-15
1.841805825876715365e-15
1.818706124096070550e-15
1.866084821431437873e-15
1.600241873041738989e-15
1.783358531433894442e-15
1.893674998097357970e-15
1.925068069114468819e-15
1.977044044194193511e-15
1.973414365958741565e-15
1.896929341943367874e-15
1.881772075335167502e-15
2.111607631772199338e-15
2.102440154455681906e-15
1.912735328968470540e-15
2.069696125146764804e-15
2.143653368931540580e-15
1.914232890762078110e-15
1.960573589058242045e-15
2.150922454210654936e-15
2.145466465281135017e-15
2.135236113849338958e-15
2.291179451335001526e-15
2.285925664685863797e-15
2.418913844409982720e-15
2.230057011662338915e-15
2.110807059579779135e-15
2.211313451648899353e-15
2.415110399754971361e-15
2.320558137381312252e-15
2.110300247845379032e-15
2.272513929937161711e-15
2.114813257125652318e-15
2.652732037189377384e-15
2.342540580963385625e-15
2.297392440426002243e-15
2.667822709200546996e-15
2.611601214526083779e-15
2.643210419545503838e-15
2.568286525343600597e-15
2.378877980850238309e-15
2.322159104938994639e-15
2.277729740289732127e-15
2.462238038535166856e-15
2.446415644888387637e-15
2.665101190706606024e-15
2.272069115543355184e-15
2.497105150337075678e-15
2.377023278649810444e-15
2.585847190889674681e-15
2.606403075984993961e-15
2.743322753380697007e-15
2.777028389126445389e-15
2.736266489964596740e-15
3.008279571990800268e-15
2.405065939033900382e-15
2.548477262647058314e-15
2.743229068369469057e-15
2.924863621865154031e-15
2.648520475423754587e-15
2.590662558853876719e-15
2.759866100516897489e-15
3.016038718279477238e-15
2.548308374617427787e-15
2.829797751490939580e-15
3.134181899818079241e-15
2.715568189546085883e-15
3.156186304565801877e-15
2.875421815303383835e-15
2.937426661481104392e-15
2.983754497826762356e-15
2.844244097757419412e-15
3.165025150362146087e-15
3.548749347255939894e-15
3.719613179745235722e-15
3.414808728732895916e-15
3.084831880705937161e-15
3.465411798997878547e-15
3.230819463603555670e-15
3.127209047293288427e-15
3.402342792845673990e-15
3.298856661227188642e-15
3.377477789945183843e-15
3.661795659853831622e-15
3.663233237349636777e-15
3.952001713633138354e-15
4.099968720270091453e-15
3.983593971055463337e-15
3.119060699159871138e-15
3.260087864595687170e-15
3.032682469084949903e-15
3.681464729682688990e-15
3.731457810162368572e-15
4.100123823356593050e-15
3.758355873786341984e-15
3.350068146528034580e-15
4.046292270617119683e-15
3.576744701646550475e-15
3.817259774942886538e-15
4.310054145756063163e-15
3.658202160534538232e-15
4.193279593462797484e-15
4.685515295236967228e-15
4.291545108534318706e-15
4.268524476981717370e-15
4.232139790377726535e-15
4.131103692853217343e-15
4.222069129649953772e-15
4.519464939347010305e-15
4.276643438625201793e-15
4.875699699196500184e-15
4.024007922427183074e-15
4.599823077667217711e-15
4.943250929465343052e-15
5.201736831165668770e-15
4.591190306973353213e-15
5.107582432248971853e-15
4.652457648243914668e-15
4.830796337013114847e-15
4.603242547273072492e-15
5.324462158803014165e-15
4.616091493974589056e-15
5.086139068130824475e-15
5.133716182013991890e-15
5.577609048868046625e-15
4.906044631550287887e-15
4.759164059264886425e-15
5.568771113146765916e-15
4.965701495923171511e-15
5.233951776190652471e-15
5.838967903014309188e-15
5.040508023665965109e-15
