9.717355047551966728e-12
-2.077261231292245412e-13
2.229162250173514861e-10
4.144117342991428370e-10
4.729819664545487380e-10
3.069030003177253155e-10
1.586373269135865829e-10
7.750100061421723766e-11
7.117758268214573023e-11
6.090524475537834390e-11
3.828314000045641547e-11
3.199382520680063517e-11
4.047446650334248832e-11
3.199800101286978866e-11
3.225516641034243480e-11
2.311916435361964936e-11
2.280136233484975515e-11
1.964835557177700340e-11
1.495958933869444729e-11
1.168712471258400839e-11
1.629875151234672184e-11
1.170603207510779070e-11
6.384891507041233123e-12
1.117536579047136308e-11
9.405831284778860992e-12
9.167096250691601996e-12
5.285291691037728851e-12
6.273973792316571671e-12
6.080027364135310207e-12
7.234245479901372700e-12
5.849542361743504439e-12
5.148962406583154948e-12
5.540102296610256164e-12
5.973235620400944457e-12
6.042120967149289254e-12
5.953633559460740100e-12
4.772019517453584647e-12
3.939126588071706251e-12
5.467774018636102251e-12
4.474816809434374833e-12
6.139739185835279816e-12
4.551226288977040503e-12
5.707955908340182520e-12
4.648279021143983578e-12
3.729732684401759511e-12
3.980012473500575537e-12
3.031941305117118647e-12
3.083078241943381624e-12
3.579057752032559078e-12
3.513130011914859789e-12
4.055713515228912765e-12
3.072138212458269841e-12
3.041663624694712858e-12
3.254491743000744604e-12
2.584429964138474857e-12
3.134105759341808506e-12
2.905493206320488880e-12
2.585759493188736539e-12
2.839885182967479967e-12
3.160725540112758059e-12
3.238847663472809577e-12
2.811159474702332119e-12
3.063839640574141411e-12
2.374191650167835418e-12
2.305194551521059935e-12
2.342237046665336307e-12
2.006887125685327317e-12
2.129439167199466488e-12
2.327639370806587294e-12
2.470021528109626461e-12
2.139200493637885619e-12
1.878658663883069036e-12
2.578929208431991328e-12
2.345083248761107805e-12
2.460165697576493232e-12
2.372594863247724493e-12
2.194402529217172208e-12
2.122865533903727344e-12
2.146376185216278132e-12
2.281878960787530724e-12
2.232187633278229544e-12
1.896428159885284081e-12
1.856940073644020760e-12
1.739834517251148581e-12
1.828522186367961345e-12
1.900627795380028755e-12
2.099930347786429259e-12
2.034684757303341898e-12
1.681497473898237844e-12
1.601395555515481672e-12
1.716328393346944432e-12
1.983540709213654497e-12
1.664329425772420801e-12
1.604927754499654144e-12
2.202501277231685920e-12
1.703301845357766759e-12
1.795661210633605018e-12
1.401889555864372825e-12
1.540875716612797079e-12
1.700815283191120186e-12
1.545030415308733338e-12
1.532192593119649034e-12
1.641381498860721958e-12
1.579432642562551714e-12
1.317126105036372800e-12
1.847135202791751732e-12
1.504133639627171335e-12
1.346345790621624137e-12
1.467322737569729768e-12
1.514557959267543154e-12
1.617300664332029123e-12
1.504833262246493806e-12
1.402737382887514328e-12
1.398933003672795306e-12
1.740778808192084064e-12
1.429453600060999916e-12
1.575304293444774410e-12
1.338768796424175228e-12
1.696174128418123134e-12
1.401770669586275738e-12
1.379963295576876842e-12
1.349985784656724546e-12
1.469267160746090776e-12
1.667635704970430651e-12
1.504296211229316280e-12
1.386426498373422612e-12
1.486208162990065875e-12
1.475831762406206272e-12
1.416723802778527161e-12
1.224366295315270524e-12
1.247085224526719768e-12
1.337685059407555700e-12
1.437466161787216022e-12
1.311841284122988225e-12
1.148168785503807852e-12
1.321177312423606048e-12
1.276643774458693147e-12
1.252695317098655912e-12
1.234115301326174196e-12
1.382637014897402005e-12
1.280543240223154676e-12
1.268983940461789211e-12
1.174495672744961884e-12
1.352445745926654216e-12
1.008079412520578285e-12
1.277200046114089739e-12
1.244058186868792748e-12
1.363098724408587459e-12
1.313934352186604818e-12
9.984111195828864860e-13
1.347307866871446599e-12
1.188855723524462259e-12
1.106194873001725250e-12
1.097500315429888570e-12
1.202331139410122843e-12
1.329955231735732929e-12
1.401455874771219543e-12
1.252513519389504614e-12
1.370794211155215831e-12
1.138267786579713596e-12
1.150341946069403770e-12
1.147413282773718923e-12
1.192260856650772137e-12
1.083632900141039501e-12
1.137684845828892716e-12
1.173689494142039314e-12
1.112524829389898753e-12
1.055760808073288831e-12
1.104749856940064956e-12
1.061390490806565907e-12
1.150198149243722285e-12
1.127195301267651054e-12
9.895664906012295502e-13
1.132666284068910089e-12
1.056796568119024305e-12
9.791619619389045305e-13
9.719300529465351870e-13
8.010064490693238733e-13
1.054746933565398663e-12
8.970801434561280654e-13
9.797995134898838146e-13
1.105015586838589682e-12
9.810664642746468940e-13
1.014099337813424017e-12
1.055634893085031418e-12
8.623134382154981571e-13
9.608133794527602428e-13
1.085489903137635605e-12
8.986783350515994214e-13
7.740204700248425768e-13
1.012212243313895344e-12
9.568491144769537878e-13
9.859650247202817310e-13
8.741519304555088445e-13
8.859340243699721547e-13
9.640606062506789306e-13
1.003537090618729926e-12
8.354960613117503782e-13
9.267867612778946471e-13
9.111741128955233923e-13
8.035723116740024012e-13
7.531078117822951647e-13
8.541353867140130190e-13
8.919750343471237136e-13
8.816055292469859453e-13
7.335925109552480252e-13
8.433176878857907603e-13
7.942065332493381743e-13
7.781580363653748384e-13
8.591650865274594139e-13
8.783581627522684328e-13
7.619890402841737379e-13
7.181503558212835856e-13
8.070243943130242809e-13
7.353636514124449197e-13
7.757018832234607797e-13
8.000358367271375597e-13
7.865983426486072511e-13
7.101177922532372258e-13
8.083035365761331834e-13
7.916710017022731477e-13
7.408471792171940594e-13
6.637698533731685463e-13
7.055686308920316416e-13
6.742784694335637568e-13
6.498304298166156683e-13
6.922896552347390695e-13
6.790487821811862787e-13
6.421260277588759876e-13
6.655033776433244827e-13
6.580053662423117956e-13
6.302618972644231087e-13
6.614770598178632744e-13
7.072184788896414563e-13
6.216954784933033606e-13
6.823534969126103784e-13
6.076555474850206722e-13
6.593586338630312908e-13
6.830615665574268394e-13
5.528907131697552649e-13
6.417630058574069773e-13
6.423062409885030331e-13
5.795032216225181091e-13
6.187865700682339498e-13
5.732650598137818690e-13
6.264239194143800285e-13
5.773736143916076287e-13
6.154661136924975583e-13
5.169109631055770038e-13
5.695430055892013688e-13
5.378381063428127300e-13
4.973404056231676527e-13
5.078413607457807113e-13
5.342615790291126400e-13
4.946957478274401839e-13
4.774510999087133483e-13
5.336245180219427117e-13
4.787927926445185696e-13
5.163632183082398854e-13
4.651664372798327224e-13
4.941867180687054533e-13
4.701998574393835083e-13
4.822335617908842664e-13
4.854570541907164475e-13
4.987490676927624432e-13
4.132880327933473905e-13
4.372510969158570949e-13
3.992864285772566237e-13
4.196164025575488763e-13
4.205631512381949440e-13
4.267880430549432883e-13
4.252687690607904571e-13
3.981220038571951651e-13
3.838180264156470636e-13
4.060536724492028114e-13
4.182476791980841144e-13
4.298809598640178089e-13
4.254400675337975591e-13
3.696144317458598509e-13
3.812423546578458935e-13
3.219323108928873219e-13
4.077480710392017972e-13
3.666340260856078352e-13
3.016277392861526493e-13
3.734608321055865534e-13
3.502395716564802637e-13
3.115169971796683330e-13
3.504818936144609936e-13
3.006739729244408129e-13
3.164775015678664777e-13
3.014803250412890854e-13
3.415151673767016414e-13
3.245427102114598356e-13
3.263913884066187077e-13
3.083062088076146428e-13
2.866959727802952373e-13
2.616301638999391790e-13
3.163577303791552976e-13
2.927377762169573671e-13
2.741429462318224087e-13
2.853876247602979127e-13
2.691043213831447512e-13
3.015267410620611171e-13
3.100379498581850616e-13
2.821078443314354851e-13
2.580507252464902911e-13
2.684606679913514642e-13
2.601731976845725997e-13
2.376175717973099116e-13
2.480243354622995977e-13
2.404372350229284960e-13
2.449082312397347636e-13
2.449073030682866531e-13
2.344265371636211396e-13
2.318270711361858530e-13
2.333540156191044257e-13
2.371540969442558749e-13
2.465642276378519900e-13
2.178036254529060113e-13
2.060964033093540864e-13
2.159219820502596656e-13
2.023213631154453920e-13
1.924096219358655225e-13
2.043815031557069778e-13
1.823840177002247755e-13
1.847584434258776504e-13
1.962456708034757148e-13
1.727261928937048019e-13
1.790805118452034417e-13
1.699429588610350046e-13
1.760488155327929795e-13
1.633304898876242744e-13
1.749391230199958416e-13
1.679749785451596230e-13
1.491124071697472005e-13
1.721510051775036427e-13
1.497309057283931811e-13
1.492954893516434480e-13
1.547151839753903214e-13
1.532540473551998449e-13
1.414878374745048230e-13
1.459108152718726358e-13
1.585173633274095536e-13
1.500307933092746928e-13
1.299465636809426490e-13
1.236643889607350594e-13
1.349507359199923530e-13
1.245982321331417064e-13
1.334878993211058951e-13
1.306425300907927891e-13
1.257903275687391627e-13
1.192989931460937377e-13
1.142690091780495386e-13
1.203205869243548912e-13
1.206680305161890442e-13
1.025768372741430468e-13
1.128011271202373984e-13
1.181683258056874045e-13
1.110784781950392335e-13
1.194444457141155091e-13
1.174489481623891322e-13
1.087318703197956774e-13
1.076329275033889191e-13
1.053907418326448992e-13
1.025326598662408146e-13
1.058192900781889637e-13
8.728626025224543503e-14
9.497084805787262530e-14
9.366705578625782839e-14
9.633403614129120799e-14
9.723396097232714384e-14
8.767436972793678248e-14
9.586120393321872667e-14
9.570219253754760016e-14
8.487935143113564292e-14
8.489660993452339748e-14
8.958206228380240702e-14
8.221755849375313973e-14
8.098143655953623120e-14
8.305866999761742665e-14
8.785894220751966055e-14
7.709645347171977086e-14
8.730303955514746377e-14
8.144556013272250300e-14
6.828906832884421212e-14
7.329548441664853033e-14
7.841099995061016372e-14
7.564705846362160450e-14
6.968122018456995707e-14
7.833975066782266154e-14
7.775647375485298436e-14
7.802665627198277423e-14
7.374619082536839647e-14
7.032576472300400190e-14
6.685517115839202088e-14
7.204726667960493802e-14
7.064314718632626750e-14
6.431393841351921131e-14
7.186217913724024101e-14
6.687901634664738227e-14
7.121577891975479158e-14
6.819915712261033694e-14
6.661673775950020756e-14
6.537816030593417903e-14
6.831118807801954453e-14
6.481365163531345552e-14
6.787322132173618765e-14
6.512144501636761705e-14
6.384314059215004374e-14
6.487949317972565635e-14
6.223776974901174114e-14
6.441985739059305340e-14
5.341705695868430706e-14
5.380280595379674005e-14
5.898192705304005859e-14
6.762443631063133909e-14
5.800852521180460058e-14
6.471011692909872858e-14
5.774244233218319697e-14
6.264167867842554026e-14
5.829108227511318748e-14
6.191931080799970651e-14
6.389526389069216878e-14
6.000413120052489941e-14
5.951654230096039332e-14
5.968484830034768476e-14
6.007122505497353629e-14
6.154434352495965948e-14
6.329099203191962104e-14
6.060789886638984553e-14
5.542585068981806759e-14
5.545701978775470588e-14
5.797637661126634600e-14
5.923236556404195972e-14
5.749529722097734717e-14
5.813834551506224838e-14
5.826408661294740237e-14
5.684231223602739201e-14
5.779125657231958404e-14
6.054205194967257675e-14
6.025103059590591867e-14
5.796379060444117864e-14
5.719275820410564475e-14
5.839766473442878340e-14
5.663755456806705319e-14
5.265892657201720782e-14
5.556352472250712776e-14
5.974792555932401461e-14
5.707473852226598921e-14
6.172586421270362587e-14
5.822204883128627450e-14
5.982663695490801839e-14
5.875116228351536724e-14
6.052395445668973935e-14
5.987464561819855208e-14
6.105455362672264721e-14
6.138538814493179872e-14
5.783746624054657150e-14
5.786512767227331928e-14
5.503899778348386730e-14
6.331928315922377184e-14
5.602938062831580878e-14
5.831269987266606067e-14
5.978469169800926501e-14
5.750405801753979468e-14
5.997677832756975761e-14
5.671931279868865537e-14
5.697581803339853675e-14
5.761400150893646476e-14
6.016792842191355071e-14
6.039116388155330563e-14
5.980503910070487540e-14
5.887091301794027373e-14
6.187565347748439565e-14
6.140646078283614760e-14
6.146448166076515890e-14
5.842180425958159337e-14
6.184124363836558274e-14
6.137381408212572387e-14
5.894076181994123712e-14
6.478100009924125080e-14
5.802193911965021873e-14
6.050010434856851675e-14
6.207251414226408069e-14
5.818311548792527403e-14
6.137565554264541891e-14
6.159635520288764484e-14
6.317514882450326107e-14
6.206516279733698942e-14
6.350958405007969045e-14
5.925137364422887384e-14
6.175622863097809830e-14
5.890848018158628318e-14
6.242363926434662846e-14
6.031989891011562458e-14
6.169510909313216921e-14
6.266649602048840834e-14
5.904564051971394705e-14
6.366285520496777319e-14
5.768133208583627074e-14
5.963223294833757753e-14
5.574432661335623688e-14
5.755932868389640242e-14
6.482065162162579931e-14
6.378717191723450920e-14
5.750022728818795143e-14
5.761537689975927201e-14
6.474073835837296179e-14
5.893108343951073119e-14
6.477978882098848655e-14
5.907177198593029722e-14
6.224854266440944876e-14
6.365110545961686469e-14
6.182482477513420594e-14
5.999208248019268000e-14
5.349184072913219873e-14
5.568154631670707529e-14
5.809181217280038244e-14
5.668696245939381757e-14
5.945802167575328667e-14
5.881914374959506194e-14
6.215415275598911160e-14
5.942892501046091724e-14
6.143137576057135135e-14
5.935718356503473238e-14
5.574269688729304877e-14
6.001959295934396136e-14
6.092156939698231885e-14
6.026264789607592182e-14
5.631827551183435695e-14
5.663466751906284565e-14
5.541149168080778443e-14
5.866788324086841605e-14
5.462672450914030677e-14
5.589586366400530910e-14
5.410060409535402540e-14
5.634611910847205291e-14
5.364349854737642094e-14
5.685181034216644346e-14
5.971477272274989746e-14
5.720408009082301625e-14
5.407207580503404527e-14
5.526691673300033359e-14
5.194413975626686728e-14
5.097680260561477339e-14
5.317675704879531676e-14
5.646687560783259896e-14
5.609506931654165896e-14
5.090618642345121877e-14
5.449298054389976833e-14
5.059015181183663695e-14
4.956660430420460935e-14
5.260831984686116083e-14
4.903163239524004792e-14
5.156855303144661787e-14
5.516308420693860777e-14
4.945335915831423062e-14
4.919752232046663878e-14
5.021895624072752987e-14
4.973185909454477090e-14
5.183149755868691920e-14
5.052541713441107375e-14
4.822562652716047633e-14
5.013652119171454009e-14
4.769360729529857877e-14
5.052250000259987733e-14
4.504222200680384376e-14
4.714691123209383458e-14
4.886129765788952830e-14
4.626043677471510857e-14
4.159953539708044073e-14
4.838337721747150419e-14
4.636537978847231968e-14
4.625726192514065058e-14
4.512274522875394755e-14
4.597521171518196019e-14
4.417079705040478301e-14
4.532152299910777933e-14
4.249619938767544767e-14
4.809545673803839851e-14
4.146610434904291121e-14
4.305590541429755524e-14
4.645148753823038998e-14
4.199258531204354369e-14
4.318166437621109364e-14
4.471620838875789790e-14
4.292942157567004962e-14
4.414559369626403172e-14
3.942323089464612694e-14
4.212098126768398300e-14
4.466727808293286956e-14
4.346582247144793159e-14
3.989058267609953420e-14
4.375475255136351847e-14
4.021003695054459907e-14
3.877508530886599311e-14
3.775240222707522075e-14
3.889294876532094063e-14
4.052108934362298257e-14
3.967317074161911806e-14
3.914848404661738567e-14
3.604792927465637825e-14
3.812255464287275387e-14
3.500945805044728598e-14
3.655674764710485000e-14
3.793722117094523264e-14
3.688310828272005415e-14
3.534194553780882597e-14
3.570412944006572466e-14
3.543968646047156335e-14
3.734367101558897406e-14
3.454987971936838560e-14
3.472202666226646730e-14
3.386564100987133286e-14
3.443398579653594771e-14
3.365260561366650240e-14
3.236236535084232574e-14
3.537213014756795595e-14
3.358397930215070659e-14
3.330370649265742074e-14
3.485257856910765226e-14
3.097833204377229011e-14
3.191309104549939418e-14
3.122032888218625781e-14
3.185536353892342689e-14
3.192264326597519713e-14
3.186714756709661478e-14
3.260252648923926585e-14
3.051321670125591611e-14
3.116981796173599500e-14
3.141505698711041698e-14
3.065335385442236796e-14
2.746460100096053483e-14
3.057364779770433482e-14
3.169489244070272808e-14
3.258257545832597271e-14
2.905585650690526811e-14
2.943408967394116591e-14
2.871110689798733599e-14
2.957979773227960170e-14
2.814657019277318934e-14
2.729160715655623469e-14
2.785278162696993660e-14
2.859981069187077443e-14
2.843962812835399336e-14
2.725814212055190487e-14
2.628329015787603652e-14
2.798782073839361763e-14
2.761073436318185675e-14
2.719610375490386193e-14
2.754584067768798222e-14
2.717096218606496424e-14
2.740832696115460675e-14
2.900976605530764901e-14
2.579133322278177556e-14
2.659480965072927076e-14
2.622595942278900588e-14
2.835760720605078109e-14
2.805955499696484548e-14
2.669991508768213131e-14
2.466739593700669174e-14
2.705540027842137746e-14
2.503167662714514506e-14
2.616235199769249197e-14
2.756255968865690712e-14
2.442921027752404011e-14
2.438924261724706300e-14
2.533000291099647537e-14
2.518115462104521558e-14
2.686401208021788543e-14
2.367912569244030123e-14
2.275268999386190736e-14
2.612769797363429570e-14
2.392697136315638524e-14
2.614486674261232607e-14
2.218670571041115386e-14
2.381519390379000692e-14
2.584218553722293940e-14
2.506470583716726138e-14
2.483215512055752595e-14
2.462443132070699353e-14
2.421546725055660795e-14
2.361478447827307925e-14
2.410978028554342598e-14
2.531809659896407888e-14
2.811474101606501467e-14
2.452923050894845977e-14
2.456583545888275056e-14
2.387689090276515586e-14
2.272911521993216083e-14
2.414486268948857078e-14
2.421054347890917746e-14
2.494111881098053311e-14
2.402737827354125643e-14
2.511605091461773042e-14
2.578726742244025869e-14
2.434736054194307523e-14
2.259971095711019858e-14
2.384690851493152004e-14
2.381857400747768282e-14
2.336696113101365348e-14
2.295284522085122973e-14
2.494615325129840539e-14
2.378859672970293455e-14
2.402949536988482051e-14
2.490715749328044995e-14
2.388628836446535560e-14
2.394484388182176273e-14
2.244280676348649986e-14
2.347657047936030983e-14
2.281033501231053327e-14
2.409492682533799871e-14
2.290941523429992292e-14
2.248614455356537573e-14
2.456141579262726715e-14
2.508805398463418584e-14
2.293707126236430603e-14
2.336167686592593454e-14
2.295337457195432326e-14
2.412503607927491176e-14
2.430702472596003843e-14
2.500522832667826900e-14
2.237899286235425744e-14
2.383047516590834487e-14
2.366258175540697660e-14
2.360921378759561291e-14
2.443470808176824213e-14
2.510439270260467630e-14
2.493575163563774776e-14
2.347900910288060433e-14
2.202530924866693145e-14
2.338891501965888544e-14
2.506919522686073322e-14
2.516691329796939822e-14
2.404135480078355659e-14
2.454389015905835775e-14
2.501314911995043741e-14
2.420421616561351703e-14
2.385474037167966858e-14
2.385951208083050790e-14
2.521039713769435375e-14
2.399067245561497717e-14
2.599286943361297740e-14
2.431206465228600060e-14
2.434659486935279739e-14
2.403989360054744539e-14
2.382086982061077172e-14
2.436046915367373368e-14
2.480757806083519647e-14
2.608221343728659304e-14
2.423695900003895817e-14
2.506922686615039298e-14
2.473681257924075614e-14
2.533480851281522828e-14
2.380203375224225672e-14
2.650758190012833382e-14
2.442754443588555407e-14
2.530136921504902664e-14
2.440232112256193059e-14
2.385222428242857861e-14
2.584381232482831955e-14
2.547422205846815956e-14
2.490728071513578129e-14
2.569145053025594247e-14
2.597537819041034728e-14
2.532250258250101439e-14
2.509315869209756964e-14
2.711075203615048917e-14
2.444949433380959275e-14
2.696016573300823548e-14
2.558071288042410835e-14
2.616355213917148791e-14
2.394271255854918780e-14
2.588371393470914104e-14
2.457363465556727545e-14
2.555896974356500098e-14
2.576411564564752409e-14
2.455776438599525463e-14
2.449098102403318238e-14
2.433020927287482126e-14
2.634650564746270998e-14
2.581193877544572666e-14
2.457149124901160245e-14
2.501191536403114038e-14
2.351313133303007004e-14
2.532075662057803220e-14
2.560114452755792022e-14
2.496388797604188314e-14
2.551474854570504223e-14
2.385424971942285900e-14
2.669567155566187628e-14
2.399620376465102038e-14
2.635201731464003004e-14
2.535350053716933495e-14
2.507710308457988642e-14
2.533464614319167196e-14
2.615706104639293005e-14
2.472192158648708298e-14
2.475126127407080977e-14
2.425592237553635785e-14
2.573612121087663782e-14
2.317498843596866381e-14
2.413933269218046562e-14
2.540939105289292640e-14
2.311650110917992922e-14
2.592002164197232027e-14
2.379347517364619036e-14
2.351682747555625859e-14
2.365366174230768868e-14
2.493143082999880445e-14
2.427616133951399086e-14
2.483349047627400747e-14
2.349580443442668715e-14
2.373262638922048464e-14
2.369360772016062951e-14
2.318765388934754390e-14
2.420794511969023576e-14
2.295927396165389000e-14
2.515685859618570387e-14
2.288081352185217727e-14
2.491092414358868815e-14
2.395605337386522775e-14
2.335640663808471301e-14
2.324748271842084951e-14
2.450733218462202932e-14
2.432584656377894240e-14
2.470819951908554172e-14
2.220168630673641019e-14
2.186728801551019338e-14
2.258361752307644274e-14
2.374988610263292559e-14
2.322487672903605164e-14
2.268920483960111119e-14
2.232215249101111339e-14
2.289678931957134835e-14
2.260092352222509006e-14
2.141607502389829659e-14
2.165871408902347117e-14
2.160978390862154915e-14
2.264150695776198774e-14
2.226049704743388760e-14
2.165717892135131480e-14
2.314173556193029810e-14
2.154500272738831104e-14
2.168369878619390422e-14
2.299770689626488176e-14
2.202182824060983312e-14
2.185954153009408264e-14
2.254268553115628579e-14
2.269569081758299019e-14
2.114656203447530795e-14
2.083370997958013260e-14
2.048258066929413584e-14
2.100232446871422461e-14
2.146739846840082945e-14
2.011607942527274253e-14
2.181292759092745634e-14
2.082789694283720889e-14
2.158101665954823315e-14
2.114512550270343631e-14
2.028313050848467335e-14
2.028997752922249283e-14
1.955625678661578137e-14
2.051025052719409418e-14
1.914399185790478401e-14
1.924700801939209028e-14
2.066298351679842982e-14
1.837939012300153591e-14
1.842438931111143769e-14
1.957450685583190985e-14
1.892284379305133661e-14
1.917408322550209534e-14
1.865323763700110325e-14
1.814711692694536047e-14
1.804619532467928911e-14
1.801489701552346903e-14
1.855036326327882911e-14
1.851547148410036095e-14
1.821271754561014713e-14
1.836594990985367596e-14
1.720618417543538802e-14
1.770449731520234138e-14
1.793499346341289562e-14
1.696249754601720958e-14
1.695344002533752323e-14
1.705133763272607090e-14
1.744565694077808203e-14
1.660626934286740927e-14
1.743747005801445654e-14
1.650266129297933318e-14
1.714495847697711687e-14
1.536212052314493318e-14
1.608125922658865766e-14
1.515467711615406099e-14
1.625578520217788709e-14
1.658620645682521038e-14
1.571763014524618272e-14
1.604746354814695232e-14
1.591123064928822292e-14
1.411163947877555453e-14
1.691851780365265698e-14
1.472271486418745954e-14
1.566351350870213108e-14
1.618056058468200018e-14
1.449603362233266400e-14
1.513879142256610985e-14
1.457193298089233773e-14
1.488325771250502228e-14
1.488363075622519791e-14
1.382818048537106885e-14
1.421164160021008434e-14
1.432998246463892233e-14
1.406456869460882195e-14
1.408903253774982991e-14
1.380194187790360456e-14
1.357271686993045477e-14
1.409511586466043415e-14
1.335369665055417463e-14
1.297878313169031758e-14
1.319887374293824256e-14
1.293140964592071831e-14
1.259714725532297040e-14
1.311718768312505994e-14
1.264377947712061019e-14
1.270238590996445714e-14
1.251401072018587363e-14
1.249188297227341747e-14
1.257120777254094525e-14
1.202501877886111138e-14
1.217339578754669241e-14
1.244527107196659177e-14
1.127147081930024485e-14
1.142606773530452745e-14
1.163277415636082286e-14
1.274350623745135229e-14
1.156444966637075435e-14
1.177595526198374124e-14
1.140916813483556461e-14
1.132737244398479247e-14
1.141264658410639375e-14
1.159091389260460150e-14
1.141386444421661186e-14
1.083618665447760732e-14
1.065346304463239043e-14
1.076972502064954026e-14
1.086655732604093756e-14
1.087603765654451505e-14
1.048595672603438548e-14
1.060809944313755053e-14
1.041828825617485158e-14
1.008618265032189041e-14
1.043235863134334101e-14
1.116124889223429456e-14
1.023054439735654681e-14
1.045866820676164900e-14
1.014235715291613470e-14
1.034162412654699435e-14
1.026295238067719017e-14
9.685069075121167048e-15
9.789824256162545318e-15
1.026162947956718077e-14
9.651897572288907680e-15
9.680853560504013161e-15
9.531133312065196158e-15
9.863867754516813518e-15
9.678031899722982478e-15
9.934259884620572745e-15
1.008770444704081807e-14
9.557996052832094491e-15
9.011778831080035075e-15
9.129609400364181353e-15
9.591816687708880837e-15
9.087558227771373298e-15
9.080092453902234522e-15
9.259713933766477159e-15
9.472814651045877454e-15
9.565826687492409265e-15
9.312729188703418269e-15
8.715940022978339793e-15
8.943826291124633143e-15
8.773350807617559126e-15
8.566247876925413339e-15
9.000125019517347172e-15
9.317882371673717729e-15
8.698562701430937074e-15
9.385408746601380364e-15
8.582161482781874139e-15
9.382073548656916164e-15
8.471622417091967365e-15
8.756567380231866626e-15
8.710390605823947676e-15
9.005113130331978244e-15
8.983156036069531837e-15
9.045635748648992054e-15
8.897251137634960058e-15
8.700910237318092591e-15
8.992040952505368494e-15
8.553326335521271752e-15
8.562909647469381749e-15
8.449385403912423365e-15
8.258936408570642326e-15
8.420442322746115916e-15
8.817899129012253187e-15
8.750882559316430972e-15
8.326951443809731842e-15
8.441746721128886144e-15
8.668290055743765158e-15
8.091661025942248635e-15
8.550170216470107590e-15
8.469006657491275340e-15
8.333208524413428121e-15
8.453516421418940682e-15
8.370313356491254288e-15
8.356727485898638858e-15
8.727565916796416027e-15
8.388494299262092383e-15
8.645016292936488261e-15
8.687110255250789157e-15
8.164292257594313815e-15
8.444397904355630897e-15
8.285530629343742119e-15
8.298671285379293963e-15
8.237273400294312977e-15
8.354585157536404771e-15
8.839914480256732895e-15
8.434768090368906012e-15
8.246872335666062291e-15
8.590672438536080818e-15
8.066024402301620082e-15
8.561997484930508800e-15
8.269312727951722427e-15
8.363931036305851964e-15
8.386700612762346611e-15
8.218891419043978941e-15
8.167630285083204022e-15
8.349968378977202168e-15
8.661768380587183713e-15
8.250081184700859140e-15
8.719594495158563540e-15
8.238481703642622227e-15
8.360630979220673422e-15
8.472288619959692867e-15
8.035656433250203914e-15
8.656078900076410876e-15
8.890979662047509805e-15
8.646855847915257773e-15
8.489255800866118968e-15
8.578398557773092389e-15
8.250178455861748268e-15
8.453357443940085139e-15
8.816249950864349017e-15
8.527885165501408568e-15
8.633952661512678771e-15
8.653710071293770484e-15
8.381830043778722580e-15
8.558337912528150628e-15
8.584437752701828808e-15
8.610938234659857157e-15
8.405109008398284986e-15
8.870829022144264359e-15
8.427114134984675418e-15
8.563203512652208099e-15
8.709013158547430293e-15
8.605123928195133356e-15
8.661250043143692818e-15
8.519926394323030572e-15
8.645268164625490353e-15
8.693432137835772086e-15
8.900635022753791459e-15
8.865110927049097787e-15
8.927171155338337764e-15
8.774899785446600091e-15
8.987084974116829176e-15
8.997253974565562553e-15
8.829759677705573786e-15
9.095037581654551354e-15
8.862299891118822963e-15
8.798575690252868051e-15
9.004349909380937152e-15
9.039439958651060496e-15
8.961766195972657974e-15
9.017035740557485895e-15
8.808717097699523645e-15
8.916823033624488338e-15
9.082874650589844674e-15
9.018955083586636001e-15
8.987737401135710481e-15
9.309188144282460452e-15
8.986182181603144446e-15
9.190746702686053539e-15
9.049892141006397609e-15
9.358495100449998023e-15
8.643216142106353243e-15
9.235238363578450620e-15
9.368171271736656676e-15
9.097642189133200085e-15
9.065071846002302273e-15
9.044458386164257466e-15
9.475838928615261139e-15
9.245255036678714921e-15
9.273369224482071394e-15
9.251052002792523380e-15
9.152848800170257322e-15
9.457399132787218699e-15
9.476950338643095579e-15
9.715211087311493552e-15
9.440018851011474414e-15
9.399082946846669677e-15
9.621952827399944011e-15
9.496664005159683637e-15
9.437245497846513155e-15
9.553612007392990505e-15
9.366727100937729592e-15
9.617991964712575729e-15
9.545103900487148943e-15
9.525692620960192717e-15
9.459286615467406143e-15
9.701292127879612808e-15
9.342829408465057829e-15
9.652299601066495325e-15
9.865086539859875587e-15
9.782623886465431094e-15
9.559725220913017857e-15
9.529661293797036113e-15
9.775263276540080928e-15
9.736480451301169971e-15
9.652396644221490757e-15
9.703872947255116579e-15
9.815237198771256282e-15
9.916349309410703180e-15
9.828544522727162489e-15
9.956695322231237366e-15
9.971968653426459596e-15
1.000063822040980876e-14
1.012047258243879394e-14
1.013645245276246272e-14
1.027131203655913909e-14
9.964332013879758719e-15
1.018520483912912185e-14
1.014505211527982145e-14
9.947642014578045099e-15
1.014586989319774565e-14
1.013056539053556802e-14
1.027114275781781923e-14
1.027553930002190021e-14
1.033476485095567722e-14
1.003613297267399974e-14
1.030432206322083604e-14
1.029675921370433683e-14
1.051845239176468650e-14
1.054343244734607211e-14
1.064781535788323965e-14
1.072308918062562174e-14
1.039970123141074868e-14
1.057512352442305623e-14
1.065267217028736862e-14
1.058218858129553320e-14
1.042939432872863830e-14
1.051501970911617077e-14
1.078437627070429049e-14
1.074560515240698736e-14
1.064820014741699618e-14
1.079891147364528120e-14
1.070556655439777566e-14
1.081925122894763018e-14
1.083980510314151689e-14
1.101065376181543801e-14
1.106237181912667694e-14
1.107816107519102656e-14
1.098500218651365883e-14
1.114747658780980823e-14
1.103508876752201300e-14
1.122063234145101797e-14
1.128499554605629676e-14
1.133738963374076607e-14
1.139582077119423337e-14
1.133172730738685144e-14
1.156533321303825433e-14
1.137491374982961570e-14
1.168641763949631696e-14
1.146538388442382649e-14
1.176627433128467912e-14
1.147436163990376316e-14
1.178176963269640843e-14
1.186348010523878980e-14
1.179790394326493392e-14
1.173922823224253195e-14
1.190987599062763362e-14
1.212459481652779637e-14
1.193148086813151610e-14
1.213077686921223250e-14
1.205558318830769256e-14
1.203881951485450441e-14
1.218768379188028643e-14
1.238980547965036273e-14
1.242194235451745894e-14
1.236786303514876735e-14
1.230545356364412851e-14
1.245496045776678355e-14
1.255981637750959501e-14
1.270010903287701336e-14
1.259707037670334410e-14
1.279163813205517994e-14
1.293296850088096068e-14
1.301353765404998040e-14
1.282411503540352515e-14
1.313707269101893831e-14
1.314759418073554057e-14
1.322406023593872053e-14
1.321499614963981348e-14
1.350723058532683284e-14
1.319572810642444130e-14
1.354362356429708541e-14
1.338614764690412921e-14
1.362526411952956290e-14
1.359039305391744281e-14
1.361749831524241026e-14
1.369380426490096344e-14
1.400982028264081057e-14
1.414299480733933685e-14
1.396242437738266699e-14
1.423613263772123010e-14
1.424946348831601821e-14
1.438347293804478977e-14
1.431647881250350736e-14
1.441633840960484515e-14
1.438727496756362743e-14
1.469786737015589826e-14
1.476631199375272133e-14
1.462124624801661098e-14
1.485320065741743892e-14
1.494645790737159187e-14
1.479524689930101690e-14
1.510250436762610176e-14
1.526281838933144519e-14
1.521509316903167197e-14
1.530043675101545053e-14
1.559211950312437189e-14
1.536170391538179646e-14
1.551014654266651752e-14
1.572563928059854881e-14
1.581428149667352187e-14
1.570338464940128606e-14
1.593539222544504848e-14
1.609977294095843638e-14
1.616931745027922233e-14
1.634397188280342949e-14
1.628635320362069119e-14
1.647258570499208822e-14
1.645319193581760609e-14
1.660238314125026252e-14
1.666902004464098824e-14
1.683632524454682037e-14
1.680660270619344094e-14
1.683093987650138663e-14
1.715278034683583253e-14
1.716410463115777697e-14
1.730538963036836277e-14
1.745511428383695769e-14
1.765602788300504833e-14
1.771563879765338364e-14
1.784945912336063946e-14
1.781724348009904400e-14
1.810397467300026419e-14
1.818222390744279056e-14
1.834359924514695715e-14
1.821384567697194235e-14
1.840582496304247999e-14
1.866540931404813661e-14
1.878868879592954147e-14
1.888253796118254483e-14
1.899776495997541552e-14
1.909139438096140252e-14
1.939284951525024132e-14
1.961712282674175975e-14
1.970256367381778203e-14
1.961619558070931803e-14
1.982192763304232990e-14
2.003567261771899799e-14
2.020939663237017322e-14
2.028049802855500567e-14
2.059943900139836511e-14
2.044556623978813772e-14
2.078913352012844904e-14
2.086291162400040687e-14
2.089858059106376588e-14
2.136145741892021615e-14
2.140050022382295929e-14
2.144650169212141086e-14
2.139794054896711194e-14
2.175406967658816215e-14
2.195140152136582807e-14
2.200188004518882734e-14
2.246172846206683226e-14
2.228099749760429039e-14
2.297265193182412993e-14
2.245429772139885949e-14
2.302608639345992191e-14
2.300268648477613518e-14
2.334004634655317103e-14
2.319150808309049512e-14
2.374279662724977035e-14
2.380213654093667184e-14
2.384748091846906372e-14
2.433945166003029030e-14
2.445951866637546868e-14
2.442889025232605656e-14
2.489166973849307460e-14
2.488565363546856063e-14
2.528511022336537720e-14
2.523799872044467668e-14
2.566187230166511675e-14
2.570104463818053489e-14
2.601603113461104881e-14
2.604898901658575859e-14
2.617044232331407378e-14
2.672250839272455194e-14
2.696766261436996796e-14
2.712945271056620905e-14
2.696142949571245033e-14
2.731568374229697193e-14
2.764265031532551198e-14
2.785024261952104452e-14
2.805538435330179185e-14
2.830058881545549661e-14
2.844300073881221763e-14
2.859066766642432310e-14
2.887292271891364870e-14
2.937750969912236427e-14
2.930390978929746904e-14
2.936667046804743072e-14
2.979549482952335923e-14
2.989296290734614961e-14
3.029708102620185983e-14
3.019517212049299226e-14
3.068867795487375890e-14
3.095893264679481659e-14
3.086966226579497178e-14
3.130547168749774026e-14
3.157268990401745077e-14
3.190249352794807733e-14
3.240400889578225139e-14
3.232573572753236947e-14
3.275178209700864290e-14
3.271106709450044100e-14
3.306052170501869278e-14
3.336423793439247372e-14
3.391616153103882628e-14
3.382100863573525027e-14
3.431512784364458701e-14
3.441066608237020696e-14
3.483374138832705167e-14
3.504864916793247901e-14
3.557799293420355417e-14
3.590181041666389721e-14
3.588110740531175730e-14
3.622997830103602186e-14
3.650137805149169048e-14
3.696837563194022214e-14
3.754372719165746903e-14
3.735590528854431978e-14
3.780061675520323649e-14
3.797413870730682496e-14
3.843158995409765217e-14
3.877394959900386801e-14
3.907793031067022676e-14
3.949975212063863277e-14
3.965911180552372448e-14
4.019299751186172612e-14
4.024612929444116699e-14
4.129675844689356005e-14
4.095065774133738736e-14
4.125980240350729136e-14
4.185362853092577041e-14
4.213694840168530152e-14
4.229078616813484661e-14
4.278021931592198682e-14
4.321332892824733866e-14
4.381074916089222294e-14
4.392046432495133494e-14
4.456865256292441711e-14
4.468082618904980424e-14
4.526885340837034801e-14
4.528519679810469749e-14
4.599057281161857620e-14
4.576986031950696523e-14
4.668686599071489614e-14
4.681812232164452883e-14
4.746714497885479951e-14
4.747389063850671025e-14
4.822907148661678532e-14
4.848943930537881360e-14
4.895455411592476619e-14
4.940109663681268110e-14
4.993833910499075593e-14
5.040578137206394781e-14
5.070340906866955871e-14
5.164278127383514585e-14
5.157981739169164212e-14
5.193193770029718042e-14
5.245871333526081339e-14
5.298173554475734734e-14
5.351359452494260512e-14
5.411855988828240326e-14
5.459883877577233640e-14
5.470219026075576965e-14
5.515685621827487773e-14
5.553174842441011292e-14
5.631989103115589183e-14
5.701095063865758030e-14
5.744879831235063601e-14
5.808116683132609100e-14
5.801112997626734885e-14
5.905582087014042304e-14
5.911208798738973936e-14
5.957924122951630476e-14
6.036999416690910915e-14
6.069593127610809787e-14
6.108368953852243678e-14
6.158337772024515790e-14
6.263327659637523208e-14
6.319374802528356056e-14
6.362382770313305250e-14
6.439763285283207754e-14
6.462033431806273099e-14
6.522304615191486299e-14
6.564768763419155684e-14
6.641374019130273265e-14
6.697857974057753677e-14
6.790282126866020948e-14
6.823105192927569462e-14
6.898791287768071260e-14
6.995280770589247902e-14
7.035578240548613466e-14
7.073110779044854915e-14
7.055727106924627043e-14
7.187614547791804961e-14
7.328894416293874995e-14
7.334207197448230515e-14
7.402869146611207540e-14
7.470725186244331413e-14
7.529930282737588826e-14
7.596112558790259538e-14
7.670201841350803151e-14
7.735091777688517509e-14
7.836313867595876321e-14
7.860953734419145492e-14
7.948681643243114740e-14
8.037360712149013597e-14
8.050870948177845963e-14
8.199848595730236599e-14
8.266829399352374916e-14
8.261369931673263662e-14
8.424450056116386649e-14
8.380299629764961127e-14
8.561551990028607972e-14
8.578216103208298306e-14
8.706433281207623570e-14
8.735242673782946178e-14
8.809864962479111036e-14
8.908431139451597540e-14
8.991780971715836533e-14
9.139426292915625021e-14
9.152210186500822661e-14
9.259478755361883713e-14
9.351335086656797062e-14
9.501029867754779779e-14
9.526376158976684010e-14
9.652276046720906545e-14
9.638302790596180937e-14
9.848395457053894976e-14
9.917101517670278116e-14
1.002555889385630575e-13
1.010376931491875283e-13
1.017195615882556513e-13
1.024725302186005290e-13
1.028747807846845671e-13
1.045472899414187242e-13
1.050519221560283430e-13
1.063633721983204262e-13
1.080444971468505636e-13
1.085728017637116083e-13
1.100038098160191273e-13
1.115224606098644024e-13
1.125024581437814862e-13
1.128877918431756186e-13
1.137956041754126392e-13
1.154994094383609292e-13
1.158597931183435789e-13
1.183349834584814945e-13
1.178950354503669249e-13
1.202391218810702643e-13
1.200990695189150995e-13
1.230651196665543718e-13
1.228463462119143587e-13
1.256628524869532175e-13
1.248095742602187713e-13
1.269001817942483895e-13
1.279367753465074574e-13
1.308814417922011877e-13
1.304983207086154484e-13
1.319196023882400435e-13
1.330496579693522333e-13
1.342923268954589590e-13
1.352521770409273001e-13
1.374322481650496945e-13
1.374534448403078597e-13
1.399665814278635003e-13
1.413636784439445098e-13
1.419437560014949021e-13
1.435597438591708769e-13
1.443304687573306458e-13
1.464647335234728383e-13
1.476584143281966249e-13
1.485282112600489687e-13
1.506579259645892517e-13
1.528833362731017835e-13
1.527692197256895145e-13
1.555720355227925924e-13
1.570282517135284313e-13
1.593289416133284448e-13
1.613136912502962195e-13
1.617009134758219539e-13
1.645545917150670477e-13
1.652557775591987231e-13
1.668529476759540299e-13
1.680877903331042546e-13
1.718340861890060190e-13
1.740127133215063004e-13
1.758632275967663841e-13
1.755424509700794742e-13
1.791105976404025017e-13
1.811890630782745723e-13
1.838104763079872175e-13
1.860286009116022757e-13
1.884633407839426452e-13
