5.647900286029737694e-24
4.632595563891013852e-23
2.255547479867146910e-10
4.105254642716354069e-10
4.793263372953649350e-10
3.081345014746369919e-10
1.677836467784921017e-10
7.831123420667178732e-11
7.138668209537890958e-11
5.931894836768596529e-11
3.803562103080240707e-11
3.371774522456211839e-11
3.895127239625489743e-11
3.257025242010642844e-11
3.372687599787542768e-11
2.183556329800562897e-11
2.299886259865539923e-11
1.961545482620554945e-11
1.531836758161701889e-11
1.200443714088302013e-11
1.706094573157808867e-11
1.191858103081944025e-11
6.568716540067754338e-12
1.142277225551497015e-11
9.651577253913911278e-12
9.267307431243397450e-12
5.163341158294439236e-12
6.043405096154343217e-12
6.290976865507480603e-12
7.414108372438821905e-12
6.134808575674881812e-12
5.097692891147745647e-12
5.448738944993290085e-12
5.948647110678284195e-12
6.273558747723246618e-12
6.002306482360250347e-12
4.585897710302675856e-12
4.048593775816834369e-12
5.543422357344082643e-12
4.567619492440092645e-12
6.160551729870716342e-12
4.435996488393550621e-12
5.805971893890394755e-12
4.530628187009640038e-12
3.862841593027086996e-12
4.161833065050595666e-12
3.141893934597182009e-12
3.145952299635318014e-12
3.680907250974193328e-12
3.420391132135129881e-12
4.113116017886214294e-12
3.124604822738704081e-12
3.132229308968193118e-12
3.305810163572676065e-12
2.639826661877423161e-12
3.152580445381368932e-12
2.994249969537592136e-12
2.630790355602004101e-12
3.015143012954585968e-12
3.245957874571717160e-12
3.100562753574225859e-12
2.874180321653511951e-12
2.997472140144011916e-12
2.420215765515692040e-12
2.334969569638429186e-12
2.269864219344216982e-12
2.045941735444370004e-12
2.188454424999862836e-12
2.471006860467732139e-12
2.618757814215377095e-12
2.125886205924913953e-12
1.932777051094622971e-12
2.577142630930252049e-12
2.374531654702788076e-12
2.463774247632811986e-12
2.354467138460540996e-12
2.184377044193648040e-12
2.121044481846162133e-12
2.115053283489734120e-12
2.315969457026417820e-12
2.227243003170344004e-12
1.955640314708819132e-12
1.873475039196413921e-12
1.733169367851225062e-12
1.897076638676726125e-12
1.959108646946527946e-12
2.179214863442518126e-12
2.136591325054920920e-12
1.785691146846145001e-12
1.660332349350869003e-12
1.727328774441567028e-12
2.003926876455980997e-12
1.656221822887733952e-12
1.631962808723534028e-12
2.247130060753662161e-12
1.712861735119345952e-12
1.757154501964706035e-12
1.395942107537743924e-12
1.565020874484891075e-12
1.705169947182031998e-12
1.623094591459708065e-12
1.611710352381399069e-12
1.682640012619187916e-12
1.610977850494277008e-12
1.362885473199438918e-12
1.867851822441074170e-12
1.502520618980625969e-12
1.369375229795735947e-12
1.485622188068769001e-12
1.515635087675137101e-12
1.669061596003235010e-12
1.535497623907443966e-12
1.433738677363778006e-12
1.438608256097915967e-12
1.772828417754595091e-12
1.443279363094187019e-12
1.547043013249854939e-12
1.340708736764243977e-12
1.729982696813744920e-12
1.441329621409135921e-12
1.391479550967929944e-12
1.408588560098563958e-12
1.496754248740349015e-12
1.642505828853330056e-12
1.540903796628442923e-12
1.430890524285261904e-12
1.525832744614607042e-12
1.528300263330980080e-12
1.485593210770666011e-12
1.261661849012620954e-12
1.230157994355823096e-12
1.373942976559716901e-12
1.452892069394251988e-12
1.345485815064700915e-12
1.189748985194751914e-12
1.358913895047559956e-12
1.318104557881157973e-12
1.284852401012675961e-12
1.284206647110149940e-12
1.369078167451800019e-12
1.253475338070286063e-12
1.256431579740643004e-12
1.209226048658369016e-12
1.379498014103710945e-12
1.022630948999565034e-12
1.297399269472322027e-12
1.246197175218663929e-12
1.390186308491797032e-12
1.294997585367689996e-12
1.040322741666210992e-12
1.347113879009157948e-12
1.214349756468200018e-12
1.144604946075597912e-12
1.125734919972187933e-12
1.227390527499575005e-12
1.339878025930210050e-12
1.382968476272896911e-12
1.239578568749345926e-12
1.362954816622796930e-12
1.151270519144012922e-12
1.167898776711803023e-12
1.157355504324798980e-12
1.223000494656633998e-12
1.075101019291257955e-12
1.155483843224692083e-12
1.181817207817807063e-12
1.115573862810037098e-12
1.065570702568330040e-12
1.120218907275408935e-12
1.070804249616903973e-12
1.151158999173562903e-12
1.147743036768148975e-12
1.025692724277652012e-12
1.122589072615785006e-12
1.080517492302533985e-12
9.878170127072814626e-13
9.543079776500453969e-13
8.063220450486685229e-13
1.059243525664711974e-12
9.261207115148185031e-13
9.919013936197194989e-13
1.120347400547673013e-12
9.854253857311376068e-13
1.011405057837622939e-12
1.056736679035453022e-12
8.754793796040206104e-13
9.768096320242906762e-13
1.082589625218036934e-12
9.048752657295688478e-13
8.088314417415511720e-13
1.022964839843219994e-12
1.000898310373834968e-12
1.007724482361258016e-12
8.980975177566089560e-13
9.000747185443866675e-13
9.949438359154161784e-13
1.029211715545349025e-12
8.416117447626691828e-13
9.346075866153162124e-13
9.102336266593672453e-13
8.320939794947019574e-13
7.641395132823200338e-13
8.588321694336056323e-13
9.079560917736822154e-13
8.918077222104181147e-13
7.555890915585428870e-13
8.635639877642337060e-13
8.042158840483936395e-13
7.913808950883761282e-13
8.885301573384534050e-13
8.871951961015342772e-13
7.766701860863785938e-13
7.202945380721442775e-13
8.055932177406418883e-13
7.477430833029018971e-13
7.814559259139447650e-13
8.237368368515182423e-13
8.091790428406155319e-13
7.228474230044634486e-13
8.326164666690299883e-13
8.052179416688349858e-13
7.554018959244038550e-13
6.797277333560706793e-13
7.262046479047935479e-13
6.785725173833023899e-13
6.578633804188999922e-13
7.093611120614241889e-13
6.969533967915493870e-13
6.586766574997035655e-13
6.777494376521642695e-13
6.802309904721745315e-13
6.363450119414789649e-13
6.710028431982140810e-13
7.065083879476446250e-13
6.453729256052180021e-13
6.982165052850511339e-13
6.179748065707959179e-13
6.733905748570284652e-13
6.825718611314966763e-13
5.640866316625843475e-13
6.454704632878473662e-13
6.398914316859571317e-13
5.850245337811797989e-13
6.188885219990682630e-13
5.947253052612233620e-13
6.358279927716885629e-13
5.976518136043589395e-13
6.317445317382904939e-13
5.241849501239065706e-13
5.869717671797512729e-13
5.475958645554139126e-13
5.025718510117608426e-13
5.172769612768734703e-13
5.365321900295592961e-13
5.014818009314451827e-13
4.977846447165182176e-13
5.485839371469525312e-13
4.895482498783942199e-13
5.268908468961412438e-13
4.864471921424510259e-13
5.149070874542490049e-13
4.843719013019670080e-13
4.841205041318166844e-13
4.836868681455229663e-13
5.150635018782582056e-13
4.217449213987756950e-13
4.441287966393765211e-13
4.016995191645870930e-13
4.226329534986470104e-13
4.349435764855753911e-13
4.348191837229887084e-13
4.297209625920082031e-13
4.001290083146499926e-13
3.891589824079116930e-13
4.168940927188655918e-13
4.208452295522172885e-13
4.365338621475595830e-13
4.336183363828423215e-13
3.762181451920623979e-13
3.821538626566629800e-13
3.333620503992094878e-13
4.128162271925956881e-13
3.740327283472283848e-13
3.101552693286192083e-13
3.769533935746590808e-13
3.500270649535597115e-13
3.171365776856926196e-13
3.542920534473332831e-13
3.063710476731390047e-13
3.222595581737409203e-13
3.098114066009399815e-13
3.481266004256050826e-13
3.330308908743656770e-13
3.269409394363809973e-13
3.159457592814569065e-13
2.974911152667429123e-13
2.725092363868624147e-13
3.197092507978688931e-13
2.992941881506326069e-13
2.843870789611242934e-13
2.836711779091742858e-13
2.716457040242731109e-13
3.037252946557688986e-13
3.173326528224891232e-13
2.900739909103987950e-13
2.637511756504479855e-13
2.722537827503045793e-13
2.671206862566781901e-13
2.405734303543159842e-13
2.493985216461981091e-13
2.454571665003876887e-13
2.532691778626361926e-13
2.494139131088646887e-13
2.381788055137908961e-13
2.352900466703190212e-13
2.417160058079364051e-13
2.431019959766609892e-13
2.471709057755447851e-13
2.261414700304501916e-13
2.121662130631488962e-13
2.206413516188553947e-13
2.037741458480497107e-13
1.974398602096319876e-13
2.080200776085038876e-13
1.853576671855691928e-13
1.901751037168739098e-13
1.991520884881518914e-13
1.757040768882766116e-13
1.843381780160358004e-13
1.724544682607445963e-13
1.760154501409299023e-13
1.646994775006951985e-13
1.781833743481354903e-13
1.710885635271460066e-13
1.550590485055205892e-13
1.772790674551646901e-13
1.506537805810517897e-13
1.522219590902345941e-13
1.563570051178324992e-13
1.573876480051773945e-13
1.446785053928081060e-13
1.494438131013143085e-13
1.617028435831929088e-13
1.534441478904344004e-13
1.353908545786824116e-13
1.275827758410115117e-13
1.387754454210239976e-13
1.288009925845069947e-13
1.369470431320449107e-13
1.303497009222665976e-13
1.309474176864878045e-13
1.209152634032963956e-13
1.182258574765017989e-13
1.234280586064722945e-13
1.251478367363299005e-13
1.089149920115129994e-13
1.185969713244562092e-13
1.201534074109275882e-13
1.129456421182916016e-13
1.220325012430442926e-13
1.197692622103200085e-13
1.134459344242892026e-13
1.107142669166039957e-13
1.064335413644868015e-13
1.038767585377785058e-13
1.091174468596156058e-13
8.855515619501133017e-14
9.771518772619926121e-14
9.595637102284951932e-14
9.815342449218517995e-14
9.808136677095822174e-14
9.078153312866281058e-14
9.553815822240917752e-14
9.868907311320370133e-14
8.667977365765349469e-14
8.839539287385054872e-14
9.222985222668145625e-14
8.558503020678805010e-14
8.405751542670711595e-14
8.555686656899341786e-14
9.208587535834586579e-14
7.902091607289657861e-14
8.815324849687397841e-14
8.546316317125785403e-14
7.233693167701529852e-14
7.583864335755328149e-14
7.956138881826699553e-14
7.649250746292966280e-14
7.384745763694099221e-14
8.106076087509404173e-14
8.001964885674784790e-14
7.972232039425277480e-14
7.665001534380626718e-14
7.162399957583045158e-14
6.988763239010363541e-14
7.297674482467757693e-14
7.231936836105671535e-14
6.722212793131891546e-14
7.422205258927578416e-14
6.990120581274338657e-14
7.202707237261434056e-14
6.960814352546337221e-14
6.928020284632833430e-14
6.842501648634345729e-14
6.963943716480348208e-14
6.738940756469208459e-14
6.914954947711502815e-14
6.709051594147429875e-14
6.562489196210537366e-14
6.643384385604810945e-14
6.414738323920410334e-14
6.612410655107276306e-14
5.596836805603266772e-14
5.539008111111128172e-14
6.015415536380379666e-14
6.867097679601154456e-14
5.920988918085000585e-14
6.618549740124225046e-14
5.951511571754932847e-14
6.335002985826342732e-14
5.933203195264529663e-14
6.260290025767978774e-14
6.368201349657658993e-14
6.135115889822986060e-14
6.198984063420531791e-14
6.098431692284196438e-14
6.145495996504820750e-14
6.419753121174464626e-14
6.488103460745190221e-14
6.157569555408300036e-14
5.724254215170974152e-14
5.758974026419508976e-14
5.840099078551392065e-14
6.026133049527268840e-14
5.999280662793057144e-14
5.994454888611946185e-14
6.012937168863622633e-14
5.760872140940544657e-14
5.967135371846388165e-14
6.095637738775395245e-14
6.043159474440462167e-14
6.028157018019052672e-14
5.840517932134178683e-14
6.070937173225455060e-14
5.870584325293280698e-14
5.320273506043168963e-14
5.622745543930461083e-14
6.230154448988173538e-14
5.935951819182398422e-14
6.287710625457199931e-14
6.051326148860238188e-14
6.108760145316638929e-14
5.997460169207631231e-14
6.267748038568706248e-14
6.229296011204073031e-14
6.235222602907270250e-14
6.259180174842234173e-14
5.984149979408273724e-14
5.870564771052878858e-14
5.610291589917500696e-14
6.540633261060320553e-14
5.740758266167222874e-14
5.880097790621678245e-14
6.217541484619887395e-14
5.886946835576118567e-14
6.047393544671919369e-14
5.749365383985148100e-14
5.844383075039120676e-14
5.972611631692166928e-14
6.059331291975685450e-14
6.200121860330511498e-14
6.123548635317662895e-14
6.046559526859770774e-14
6.303675754317569096e-14
6.283484110341295135e-14
6.307538536722362341e-14
6.042648959378593632e-14
6.236924471138051495e-14
6.263314582996077516e-14
6.046809127528113166e-14
6.520904761396461934e-14
6.022417175717355660e-14
6.278189716349300445e-14
6.239122744860683180e-14
5.999428272436070062e-14
6.337277455465711892e-14
6.282809783872481963e-14
6.402997296648100162e-14
6.307502826237058701e-14
6.510033500068269088e-14
6.013845952957501332e-14
6.252488512276527845e-14
6.103500143636082857e-14
6.417523458411132265e-14
6.186749651454636656e-14
6.380250409680151982e-14
6.522469936022138427e-14
5.973936316955022851e-14
6.550210883702883815e-14
5.961421653542588079e-14
6.033916744291094402e-14
5.648881393319041052e-14
5.942898659404511461e-14
6.635477499297193834e-14
6.498584504773332295e-14
5.881037810848013688e-14
5.839670350689174076e-14
6.635074439796113639e-14
5.962345826113890831e-14
6.546928364767304853e-14
6.042090646935493162e-14
6.300323694772334975e-14
6.329889971241515446e-14
6.165724459497680825e-14
6.005008875978407629e-14
5.603965085122210807e-14
5.788275904109966938e-14
5.868505605786463303e-14
5.903910085002900748e-14
6.091113518537145178e-14
5.951066647631677389e-14
6.431868830004412278e-14
6.094665431666444804e-14
6.185987237948662380e-14
6.068683287487785077e-14
5.715908301760163305e-14
6.048757278772613011e-14
6.264205534191651327e-14
6.190560088832921766e-14
5.697644728967849937e-14
5.824256437782844452e-14
5.648833531524276251e-14
6.039176626735551841e-14
5.567242605520469088e-14
5.785602559459590040e-14
5.559246411884453744e-14
5.689826062812275877e-14
5.532886907863586175e-14
5.754676252612071562e-14
6.064158890506959446e-14
5.770301405587878840e-14
5.503558239051729078e-14
5.589619136757927279e-14
5.380233705039043157e-14
5.226633259277889207e-14
5.476720049270672109e-14
5.750323630676294461e-14
5.863882173484057580e-14
5.187805952590643946e-14
5.508418545525234266e-14
5.209728381417067771e-14
5.111733285992532778e-14
5.401227603925341775e-14
4.992792713109139938e-14
5.190939588563214315e-14
5.570435229859206710e-14
5.062657816876378267e-14
5.040384349911509131e-14
5.123781840700351293e-14
5.102181252726137807e-14
5.275967170855633855e-14
5.196337514349817055e-14
4.864100803036486856e-14
5.135642613596966988e-14
4.935065119524450855e-14
5.164790603945995002e-14
4.631733471931774135e-14
4.794545370885134263e-14
4.982344631362286790e-14
4.676272226483747800e-14
4.242508618775370750e-14
4.903896854358419075e-14
4.724217844411591797e-14
4.642962017169857023e-14
4.575205413787063728e-14
4.730985045216880830e-14
4.487119820680655797e-14
4.652991219202557707e-14
4.362982302473302312e-14
4.906537140358823137e-14
4.258893700053915834e-14
4.421436646518202855e-14
4.770734379296493015e-14
4.339264593423283860e-14
4.428432901151111994e-14
4.538545930239603861e-14
4.408167674347585155e-14
4.508549789340197985e-14
4.043438508618069718e-14
4.305284682538100210e-14
4.516782484661373281e-14
4.514274398898547167e-14
4.195623948987210243e-14
4.462026460175409195e-14
4.069659572637932906e-14
3.988285755014200229e-14
3.830283779049144161e-14
4.039174068653802964e-14
4.151295385511946225e-14
4.084943224110069962e-14
3.978675394130723794e-14
3.655246443095067120e-14
3.794431822980914059e-14
3.676917562671529919e-14
3.720697653396711840e-14
3.863226995228366251e-14
3.748182481090818050e-14
3.677220896902310207e-14
3.619204162383707309e-14
3.672683182812450146e-14
3.798678042416991862e-14
3.535856882354155238e-14
3.616732421179732116e-14
3.523099269823529892e-14
3.487906929166108933e-14
3.358573745793274838e-14
3.369588369234265706e-14
3.588312005627449787e-14
3.453509282936198069e-14
3.406573939256699022e-14
3.549033875212618148e-14
3.127630351024703808e-14
3.253954458486079935e-14
3.136297633703081802e-14
3.298673454660540792e-14
3.257007803342688796e-14
3.245154070622847990e-14
3.367894737005872912e-14
3.135845507161734201e-14
3.146042417364782237e-14
3.241366576028325823e-14
3.139868984714870155e-14
2.776060020605797120e-14
3.121280811820693138e-14
3.256901680117286008e-14
3.313896398854326112e-14
2.923248370240765692e-14
2.926194759214787041e-14
2.900413547475857742e-14
3.017098013522599308e-14
2.923437764392395151e-14
2.820750506580148978e-14
2.832730414942295955e-14
2.940503874188762235e-14
2.896877632330520848e-14
2.767853739868737014e-14
2.721934274695144048e-14
2.842075678322982980e-14
2.773973488720101967e-14
2.771363283504503068e-14
2.751220889111644883e-14
2.777917310055926132e-14
2.791760388218576158e-14
2.937873050581692299e-14
2.633563507113221086e-14
2.714097569073014864e-14
2.673973456826739039e-14
2.889042795412112685e-14
2.863588715007666041e-14
2.752070172679745879e-14
2.490167865930995874e-14
2.680498194981211937e-14
2.598889969975630901e-14
2.698734903125858930e-14
2.809305925080523127e-14
2.518019291664164845e-14
2.470107484004233065e-14
2.517554977292151902e-14
2.541140154962883860e-14
2.720972005212933112e-14
2.451513846098405083e-14
2.315781614412552913e-14
2.647577212890437032e-14
2.407862815000671093e-14
2.669120155344321144e-14
2.254305534869214906e-14
2.425769848832559066e-14
2.589714509352718018e-14
2.564427615258820861e-14
2.419365814658806132e-14
2.431057748477174030e-14
2.475520777426137908e-14
2.412087099592634126e-14
2.440631740072217123e-14
2.520981138388641147e-14
2.790399616273295154e-14
2.485730393149938982e-14
2.466508919801917141e-14
2.436383222779708948e-14
2.287128576539165929e-14
2.401168049922155879e-14
2.428999788500377022e-14
2.550121977293594929e-14
2.471863220387475016e-14
2.505452347977521969e-14
2.577466410768391845e-14
2.461984360769987868e-14
2.280227096090853059e-14
2.421872630591269123e-14
2.423295374903623086e-14
2.389404435650274023e-14
2.361573445312420872e-14
2.529062019745383853e-14
2.429482041532442116e-14
2.457772378155910849e-14
2.542688165442530143e-14
2.454279036792177091e-14
2.429005580962063135e-14
2.294099093488196146e-14
2.352114402140159077e-14
2.285154004435336890e-14
2.435538110868688103e-14
2.287770287456161151e-14
2.290341038698856006e-14
2.441312934656306880e-14
2.533065693205480069e-14
2.378567990525833894e-14
2.350640244288440035e-14
2.339786353125469085e-14
2.357345778467166886e-14
2.425708945369900112e-14
2.530079572443322989e-14
2.258754912750242155e-14
2.387826504108795110e-14
2.312642507554348954e-14
2.349680689138064844e-14
2.478743286143104025e-14
2.527745589076507152e-14
2.480535522511696884e-14
2.380803423950952936e-14
2.226188694453066079e-14
2.370417506784705053e-14
2.564077523724068857e-14
2.534168718720654879e-14
2.429981174406630069e-14
2.474467897853709904e-14
2.515799745179555100e-14
2.408453653481993906e-14
2.405068806969919145e-14
2.396365229103127153e-14
2.577196917529204885e-14
2.396642462286523846e-14
2.655188172732302097e-14
2.465812230165567034e-14
2.470385512670975893e-14
2.426007204708479945e-14
2.419719367391917061e-14
2.499878916978317946e-14
2.491493396565985890e-14
2.615480764283728017e-14
2.496727435658464084e-14
2.530104091031679122e-14
2.503986977325650894e-14
2.515492558163975025e-14
2.445365929751368080e-14
2.665807597330320143e-14
2.450759839819188149e-14
2.533267442463071045e-14
2.464787967293128972e-14
2.454918324150016937e-14
2.616194944577473157e-14
2.569029954974379084e-14
2.492597273482048142e-14
2.579168501369168063e-14
2.653145918340351904e-14
2.526644617059239045e-14
2.589943690136651142e-14
2.696963756756894034e-14
2.484829664720261887e-14
2.744990888223341962e-14
2.558518058604738052e-14
2.615852652307531046e-14
2.366778278149212102e-14
2.571080201081123067e-14
2.467912290153532097e-14
2.559203520588435104e-14
2.636570508232262968e-14
2.509903513688144843e-14
2.449394513936258900e-14
2.492452925527150905e-14
2.657449127051769925e-14
2.586632530657973108e-14
2.424922702528781151e-14
2.536316892853527868e-14
2.391775652009864922e-14
2.533119861349512847e-14
2.577572844968209136e-14
2.515993237004844055e-14
2.592123622166145133e-14
2.398255222462153882e-14
2.696689687606477153e-14
2.454091501461961968e-14
2.615016087463602071e-14
2.635196779668297097e-14
2.526464153266865017e-14
2.558836951673928900e-14
2.592633773336218944e-14
2.494850936472814878e-14
2.523836168402680977e-14
2.466634060625927037e-14
2.641698499986452996e-14
2.346365211356244120e-14
2.443931820055842914e-14
2.565379938585572138e-14
2.324819542038777110e-14
2.570595280404581024e-14
2.403072728268872945e-14
2.382399339909318881e-14
2.332180421965146120e-14
2.546411597030092997e-14
2.467346150297934987e-14
2.511823673000516062e-14
2.322470349281340128e-14
2.353316388523940910e-14
2.355039858082929052e-14
2.338662488598978977e-14
2.414777995136092125e-14
2.272359998545021978e-14
2.476179789620592116e-14
2.324772357824606083e-14
2.489415373065493141e-14
2.403536328257995967e-14
2.305589856231544092e-14
2.361596353486931082e-14
2.474794921621050025e-14
2.439506093569923908e-14
2.510225004903957959e-14
2.222864043729849116e-14
2.238417682752715987e-14
2.268691903472517904e-14
2.358803734314960949e-14
2.333761360847633126e-14
2.321319303311814064e-14
2.292142031156555123e-14
2.292187605952775153e-14
2.319515564774243905e-14
2.126153474960009063e-14
2.182132254441672857e-14
2.176437880864613076e-14
2.277602151765304907e-14
2.190280993674259989e-14
2.137580390816717877e-14
2.343179192532269077e-14
2.222211228512826848e-14
2.185844262442945140e-14
2.302965448243765888e-14
2.247588140856145932e-14
2.231389245213119899e-14
2.269286679658970113e-14
2.269355664903323924e-14
2.107247493340823856e-14
2.080890978140237931e-14
2.055912003637615944e-14
2.106720004953304131e-14
2.140377943259302858e-14
1.990712323891632062e-14
2.154472957966637121e-14
2.111386404107610997e-14
2.194589243003288927e-14
2.127425248350086853e-14
2.065147059052725982e-14
2.020880764859250011e-14
1.989178093827037099e-14
2.043873288259468045e-14
1.896529503424820851e-14
1.911803434256009855e-14
2.054595900923296062e-14
1.851009639428249060e-14
1.831072361338224153e-14
1.929945404530789884e-14
1.907726961775429142e-14
1.937584035645791952e-14
1.854757652194196864e-14
1.847687998106738934e-14
1.790829803609783947e-14
1.803962268819392955e-14
1.842142098477029089e-14
1.847065482963013113e-14
1.798927555516571081e-14
1.771805268285686879e-14
1.695658410788612963e-14
1.696127687968216000e-14
1.799951160696435929e-14
1.683404664340802080e-14
1.672748090613815908e-14
1.700477845588856866e-14
1.731580896426253992e-14
1.596030671071287999e-14
1.736115071937420845e-14
1.687918143007960910e-14
1.667026685471274101e-14
1.495778260022944984e-14
1.572105321842061009e-14
1.490942412641319860e-14
1.577559892348841905e-14
1.613942686180563971e-14
1.574593397831752922e-14
1.590525903774203101e-14
1.646608697962046862e-14
1.393635587181543072e-14
1.670110741805234995e-14
1.439414372961068073e-14
1.518427918865057063e-14
1.563042368559518037e-14
1.449184671945092954e-14
1.497458817081407977e-14
1.432531957658466843e-14
1.452728121665716034e-14
1.449297883913651925e-14
1.368143070664061001e-14
1.405717058673141982e-14
1.362312293138787991e-14
1.333471984310742003e-14
1.367633197907222932e-14
1.347841293277011022e-14
1.329267066616103975e-14
1.376297389527845978e-14
1.293336553878179028e-14
1.285224174652846972e-14
1.238777689775155007e-14
1.240678829167662930e-14
1.214848257688178990e-14
1.267525896257092075e-14
1.174735420629665965e-14
1.200981520854921937e-14
1.188760744557505078e-14
1.172830042171807043e-14
1.215066196726762066e-14
1.145303177157005046e-14
1.139806694021874009e-14
1.160521670939134990e-14
1.097129616128504940e-14
1.094785395287021033e-14
1.106263004657003007e-14
1.212605316636999986e-14
1.050531490602025059e-14
1.081289605007428956e-14
1.087466435661353047e-14
1.061441557796768943e-14
1.041834446747599968e-14
1.058106405154423000e-14
1.060488942478000045e-14
1.001393062095470992e-14
1.014514783642467962e-14
9.883894441385555836e-15
9.813378599554606353e-15
9.900330290706251031e-15
9.658642375034533831e-15
9.757319512598028832e-15
9.338443667904426181e-15
9.325968854568192300e-15
9.338242875281747524e-15
1.013888650561910041e-14
8.999671471832140786e-15
9.268176130061638206e-15
8.979001653058263710e-15
9.351921212089557342e-15
9.113763329415912594e-15
8.362495353465949285e-15
8.837149610062306312e-15
9.167830071800831893e-15
8.331481779756308954e-15
8.686040707228346776e-15
8.369846545106836957e-15
8.703948451371522290e-15
8.437223337034559497e-15
8.961526988076487369e-15
8.824791537436237642e-15
8.150755418672498533e-15
7.706477996187298881e-15
8.058964866896779974e-15
8.191326356633138886e-15
7.560634354920967139e-15
7.438285099778559363e-15
7.838277968570409315e-15
8.166826367931490038e-15
8.455232679736764457e-15
7.945276394193289794e-15
7.262280854337042074e-15
7.628330567139141243e-15
7.416656850082911526e-15
7.127927537996114516e-15
7.512012626250108551e-15
7.762251296032198488e-15
7.407817073010664250e-15
7.632949485526834056e-15
6.695538895575169660e-15
7.528272885812616493e-15
6.878133526097328161e-15
7.085346828068391664e-15
7.164578315481630805e-15
7.268137470493742783e-15
7.391296966583426630e-15
7.321008061232229695e-15
7.116545829183720660e-15
6.927065487785261956e-15
7.295243596026727649e-15
7.075280031264873833e-15
6.938754258546909747e-15
6.832762960706450657e-15
6.694114765996207625e-15
6.560230431384382680e-15
6.742646925052526878e-15
7.017778981542403327e-15
6.535312169334003877e-15
6.653650518111842746e-15
7.043476407083000312e-15
6.337354941432597653e-15
6.593994183423901392e-15
6.577904157978839651e-15
6.435752956519562216e-15
6.709148110350864144e-15
6.376952587922276002e-15
6.336097521828322611e-15
6.848934889291642105e-15
6.594711850771206089e-15
7.032184345844926651e-15
6.513868040037137833e-15
6.139533003993907357e-15
6.291055542466433699e-15
6.281147996062073691e-15
6.367918111489526263e-15
6.284905590545272300e-15
6.327415516662144714e-15
6.842982701640644633e-15
6.306792671217271923e-15
6.024996428378979721e-15
6.498742431187616607e-15
6.212580154318254217e-15
6.504406928414182977e-15
6.226650944537107608e-15
6.225563731804666298e-15
6.260335752953195713e-15
6.063669141381645243e-15
5.933385164853782308e-15
6.273823405234366662e-15
6.356408039087320905e-15
5.972066177301988348e-15
6.312785469560728130e-15
5.894228229466311000e-15
6.163273604506496312e-15
6.319718311084192657e-15
6.017569203558828262e-15
6.623366606388537191e-15
6.358299642976418011e-15
6.223423106964310883e-15
6.209500537132983181e-15
6.369785179482686902e-15
5.925738027789425853e-15
6.056163240871898367e-15
6.493805116742995069e-15
6.090328950268622023e-15
6.032300475869525619e-15
6.265243503099290313e-15
6.297934992197885652e-15
6.393328530700343972e-15
6.104153917870631391e-15
6.184439754422261163e-15
6.005560716417626807e-15
6.402650336573623635e-15
6.080957317306966723e-15
6.145767591974813202e-15
6.478265076672009968e-15
6.160930394731993613e-15
6.261088185690843826e-15
6.173118465759746311e-15
6.378705763819838685e-15
6.491176462698839634e-15
6.537910557313895948e-15
6.468123614669105208e-15
6.378742798606826162e-15
6.244827756550136685e-15
6.436911343577000300e-15
6.593724252734238646e-15
6.241534086059899637e-15
6.400950786938541924e-15
6.489631636366809005e-15
6.311960926688869106e-15
6.235214045913099264e-15
6.562652058808804136e-15
6.339503005490796930e-15
6.254487134965672043e-15
6.129277242566205328e-15
6.371915145282993295e-15
6.270936362149624626e-15
6.306169369993042830e-15
6.043428007575295624e-15
6.703403864940674621e-15
6.158733066205940374e-15
6.298782637793502885e-15
6.366913837956178197e-15
6.532744984458441089e-15
5.821228653570809234e-15
6.532202843515282724e-15
6.424011584723542655e-15
6.372143528772219645e-15
6.237099708019769380e-15
6.306188537660984316e-15
6.316262037800401227e-15
6.275884329750471207e-15
6.410337306466502326e-15
6.189063767846909614e-15
6.364890133190723007e-15
6.427302563380734867e-15
6.521699944593619350e-15
6.584894314143636671e-15
6.459718003489296993e-15
6.474164486731157871e-15
6.457933197299918267e-15
6.359122400069109186e-15
6.135315124148276111e-15
6.183250685657440147e-15
6.323902922019556825e-15
6.275467975224511155e-15
6.335406910175714722e-15
6.540965271130636795e-15
6.220203732743242992e-15
6.287706752754550387e-15
6.075625360889498778e-15
6.213698285405691725e-15
6.613850351698094800e-15
6.540667580311067066e-15
6.319702976018375231e-15
6.337770153109945683e-15
6.323944911609310040e-15
6.015934836594898305e-15
6.255975716631459336e-15
5.813436189567530625e-15
6.273835128023591330e-15
6.072191347782251200e-15
5.996305451898664976e-15
6.102167587474692114e-15
6.045290498989642704e-15
6.092823808253606687e-15
6.450072057219543709e-15
6.219840455013742379e-15
6.306820157542086289e-15
6.046000552801451687e-15
6.237120656216466655e-15
6.157452421168573832e-15
5.927451162160249338e-15
5.912438361936923890e-15
5.831723101818789284e-15
5.735714201154563711e-15
5.877932014453946611e-15
6.296985658761396659e-15
5.737308156580632387e-15
6.009115713966704325e-15
5.710441987923932070e-15
5.887295914124159273e-15
5.865128895788127377e-15
6.071248721682743287e-15
6.095887980809749259e-15
5.726991442595126899e-15
5.652334255483178201e-15
5.755520909986560104e-15
5.836540805744772878e-15
5.575568017808839793e-15
5.473914778423533824e-15
5.592353468465268359e-15
5.519297131168990193e-15
5.583130652351893679e-15
5.842366395715848053e-15
5.351322737762129260e-15
5.625628467792555915e-15
5.625355361316762295e-15
5.613898131581398999e-15
5.581068299463191294e-15
5.250574114375763805e-15
5.477988902337854667e-15
5.414020042468110255e-15
5.499448077392731291e-15
5.328403610806453792e-15
5.349412158840771948e-15
5.514691118783175227e-15
5.147268385339151038e-15
5.089700549141404335e-15
5.111329213359555380e-15
5.100433308822294691e-15
5.317142111752325789e-15
5.334113609493532716e-15
5.206570750384996839e-15
5.162125551215149644e-15
5.328779677688884306e-15
4.983757590086604296e-15
5.064565203430508623e-15
5.213944375746280241e-15
5.022575635840483623e-15
5.133646274774008692e-15
4.632162263932117714e-15
5.032776120517643835e-15
5.039965732870165988e-15
4.879965319610371687e-15
4.843128253113183347e-15
4.828237757440118110e-15
4.980171812633155672e-15
4.888789636927476283e-15
4.739030698355336920e-15
4.913452127243187328e-15
4.686323819230057651e-15
4.774631418154513341e-15
4.759696151222852256e-15
4.459151811446883274e-15
4.675741819697256675e-15
4.426244117573167996e-15
4.457127461053247217e-15
4.568797940542475963e-15
4.496202308075888923e-15
4.607381399604891206e-15
4.411535906248163177e-15
4.542368100491563722e-15
4.540467827451989330e-15
4.300413509809614888e-15
4.395510441828478038e-15
4.359923011135878751e-15
4.046572002355440288e-15
4.243100417682517352e-15
4.422668981393444617e-15
4.024162380162391615e-15
4.311179760382353011e-15
4.292497287691922296e-15
4.181394301904326698e-15
4.078240185839787149e-15
4.026275929052986252e-15
4.175360600873940303e-15
4.074358454434831340e-15
4.006683159878076893e-15
4.136637851490026210e-15
4.211378604890246241e-15
3.863819357157551790e-15
3.888751022547279733e-15
3.905658420914059376e-15
3.938324172926990790e-15
3.646078272067410167e-15
3.713361614495280246e-15
3.816495939027879935e-15
3.981803060884797018e-15
3.734613946909572949e-15
3.785878430168917391e-15
3.542527361459309135e-15
3.724602271194999831e-15
3.625388880707327923e-15
3.593658590823656338e-15
3.569065666796056641e-15
3.555795854847150974e-15
3.871769490754130804e-15
3.479730256643156045e-15
3.693459034156771633e-15
3.567494641481539813e-15
3.511199491823022875e-15
3.376386412838720977e-15
3.326712425508061065e-15
3.476662450382642039e-15
3.234955615377645083e-15
3.179315498499105137e-15
3.366157070649456156e-15
3.328140124267741893e-15
3.426823381601166087e-15
3.405923751425507991e-15
3.568487692514974702e-15
3.310001324648401838e-15
3.317594939272840081e-15
3.265319409561863186e-15
3.157018728647017960e-15
3.309192249416965159e-15
3.130975392937584189e-15
3.117749437416896984e-15
3.268069139104543110e-15
3.216015607881432930e-15
3.141564243248444937e-15
3.066377371030231065e-15
3.082759955591951000e-15
3.003529998163757936e-15
3.055369426097628057e-15
2.975834562594944978e-15
3.070024853847224989e-15
3.084140114106973994e-15
2.991133242523018922e-15
3.005755399671989067e-15
2.928854054089519929e-15
3.026225163315172921e-15
3.028230535648273079e-15
2.948555441872911160e-15
2.996228131083018970e-15
2.878744921554193064e-15
2.922217696721111089e-15
3.069763822910270890e-15
2.898617535112018844e-15
2.945253223738054176e-15
2.842960942394230891e-15
2.796150856935443145e-15
2.796265654503402959e-15
2.793978614182745966e-15
2.885609081980840909e-15
2.864100037241966093e-15
2.792290979248778884e-15
2.696884087583099995e-15
2.903288249860651082e-15
2.719575161162250062e-15
2.805712946642355010e-15
2.810014668612614970e-15
2.845482274709308924e-15
2.906151763062521899e-15
2.809748227694415041e-15
2.804428144886146895e-15
2.713982904422253897e-15
2.827095477017016117e-15
2.745063758259758045e-15
2.711490677386908195e-15
2.728460521354237980e-15
2.818718717674406902e-15
2.701975893035368073e-15
2.829318306566773113e-15
2.760925599274016912e-15
2.785410440467781850e-15
2.752420488993546975e-15
2.790548348402902835e-15
2.659168390717269088e-15
2.790633288783008847e-15
2.666565675458539058e-15
2.706360868927547053e-15
2.875196812778592186e-15
2.667724813478024830e-15
2.786586211130212928e-15
2.707003956063427184e-15
2.796552184999105880e-15
2.781939427848791007e-15
2.717571376632945081e-15
2.614022265116060185e-15
2.746683573393028057e-15
2.756931385699137996e-15
2.713259883754539161e-15
2.760132996607097017e-15
2.579921712614686185e-15
2.759697686387550993e-15
2.708063012549594028e-15
2.662963321434863814e-15
2.730794943307981951e-15
2.564517650032655821e-15
2.970487606554840026e-15
2.838691081142495995e-15
2.604863386155310926e-15
2.687281684343910940e-15
2.710069992004349896e-15
2.654633696767513888e-15
2.632069723550934147e-15
2.633024448240588066e-15
2.616652479528050924e-15
2.730791014734596190e-15
2.748821452091856877e-15
2.693735706457517010e-15
2.723739310407034957e-15
2.737564915297332875e-15
2.757167041525751983e-15
2.745477422193254065e-15
2.882130005453728097e-15
2.740438807870562907e-15
2.786789038026286822e-15
2.806817657914462144e-15
2.712943520676884880e-15
2.783943510390861045e-15
2.776311784352476166e-15
2.779436681727064090e-15
2.813316093526308079e-15
2.789877350613943197e-15
2.816684663745398965e-15
2.790202840997435078e-15
2.825886999142617060e-15
2.832604783080399919e-15
2.802334601226140193e-15
2.735305894681550084e-15
2.858889117570541084e-15
2.822081109982559167e-15
2.805590036120404838e-15
2.833032972681836052e-15
2.888903402976532181e-15
2.875369070669285163e-15
2.876645551334551814e-15
2.940178843202704075e-15
2.883960188171692967e-15
2.938506642963159082e-15
2.832696728101677876e-15
2.994102462004498942e-15
2.713984122905327010e-15
2.772025142156788993e-15
2.936419544754260145e-15
2.819533449923531033e-15
2.807727852671460064e-15
2.936849351968058967e-15
2.992666964735008140e-15
2.937777099232678067e-15
2.854243910635721011e-15
3.010693252111916944e-15
2.901649153594938819e-15
3.009851334468097859e-15
2.856621727034616978e-15
2.951254321653170828e-15
2.816522035751604079e-15
3.005771092830478811e-15
3.004742064493233007e-15
2.978609341065761159e-15
2.875670218979469979e-15
2.938124005046049138e-15
2.825572213694747074e-15
2.903922770789168911e-15
2.902519581195135074e-15
2.932116841744093939e-15
2.998723459972376962e-15
3.083937514653562099e-15
3.029159267927173934e-15
3.099010017377272806e-15
3.002105978970746868e-15
3.021290914330354187e-15
2.961084913843811822e-15
2.999569968013833971e-15
3.124628583930287169e-15
3.000963832012647113e-15
3.010563060369031099e-15
2.964534904962693169e-15
3.005486584674299918e-15
3.049447639358478109e-15
2.967040292643923073e-15
3.096072383995592912e-15
3.040360015272240989e-15
2.996982284942030972e-15
3.082064569621632923e-15
3.006964294276810060e-15
3.261568942185956897e-15
3.024033609919404147e-15
3.113644596307817988e-15
3.092187381345091009e-15
3.224744670022484866e-15
3.038008266201694056e-15
3.126002348900719058e-15
3.202142631639521098e-15
3.092456064346166920e-15
3.158032195956301131e-15
3.179749095797290095e-15
2.988873313826112047e-15
3.139027429126707035e-15
3.090537109105494105e-15
3.187254384406141045e-15
2.920483547240343110e-15
3.176510104996527040e-15
3.076883601076945964e-15
3.329218388724411900e-15
3.236137969166572136e-15
3.182955869380570945e-15
3.116602726857687067e-15
3.206996223386910929e-15
3.298056094505628074e-15
3.171838367192469067e-15
3.252068897228811915e-15
3.284123412905627922e-15
3.242970051129722091e-15
3.192049370434035990e-15
3.269499430790273047e-15
3.214231199757659119e-15
3.253874829557716925e-15
3.171440582259298827e-15
3.402757907503730996e-15
3.127303028266755841e-15
3.372641236180548969e-15
3.315779275337126950e-15
3.078007006454524065e-15
3.281900480948442984e-15
3.332885811351489098e-15
3.432224129721857143e-15
3.302404297957498102e-15
3.520042980472790923e-15
3.201512291705155005e-15
3.409664716064870921e-15
3.300813274930322963e-15
3.514044033257161976e-15
3.400840870581725062e-15
3.452992579741738039e-15
3.268411948810072190e-15
3.497737196209950150e-15
3.549153801247616064e-15
3.483203982111984122e-15
3.556479954955232702e-15
3.683892041046908765e-15
3.473206349301605027e-15
3.769594720706815942e-15
3.683571322808197087e-15
3.804283124863036186e-15
3.591988662559496739e-15
3.814604465236845315e-15
3.652774160408395294e-15
3.939713319066845065e-15
3.737237155811925306e-15
3.964433348269680738e-15
3.652775530455087724e-15
4.046248490227251996e-15
3.677859726073997264e-15
3.955623325632490101e-15
3.741278259932268641e-15
3.972832103756846647e-15
4.100209850743770058e-15
4.202174937842761348e-15
3.956042059402419632e-15
4.144832129772726368e-15
4.133540289827616990e-15
4.398369733429499192e-15
4.461690869941276376e-15
4.318173534626471867e-15
4.430388028198998361e-15
4.423975647929534909e-15
4.544644423519280094e-15
4.319453987938347997e-15
4.475570126692263869e-15
4.315583565158264388e-15
4.552849821160568070e-15
4.364174391555158094e-15
4.569078212793720142e-15
4.524654609041204877e-15
4.363723633583478734e-15
4.668377284145491704e-15
4.500975058602911683e-15
4.936778122928339310e-15
4.721261409901615109e-15
4.838764453796404691e-15
4.656691133910267679e-15
4.939067869639864878e-15
5.012525177944860657e-15
5.087502295043925665e-15
5.109535547266669349e-15
5.253325198711251140e-15
5.249176516001012097e-15
5.221353533191562887e-15
5.392167575686032745e-15
5.233736007012436679e-15
5.695265875879884313e-15
5.144909324595559237e-15
5.749281779532519340e-15
5.434848226932780091e-15
